0.000000000000000000e+00 1.952250185456243670e-03
5.012531328320801727e-03 1.981754730585159711e-03
1.002506265664160345e-02 2.011555058162779221e-03
1.503759398496240518e-02 2.041652643413287629e-03
2.005012531328320691e-02 2.072048961560863864e-03
2.506265664160400863e-02 2.102745487829693789e-03
3.007518796992481036e-02 2.133743697443961536e-03
3.508771929824561209e-02 2.165045065627847331e-03
4.010025062656641381e-02 2.196651067605534871e-03
4.511278195488721554e-02 2.228563178601207853e-03
5.012531328320801727e-02 2.260782873839050407e-03
5.513784461152881899e-02 2.293311628543244496e-03
6.015037593984962072e-02 2.326150917937971647e-03
6.516290726817042245e-02 2.359302217247416424e-03
7.017543859649122417e-02 2.392767001695763392e-03
7.518796992481202590e-02 2.426546746507194079e-03
8.020050125313282763e-02 2.460642926905891315e-03
8.521303258145362935e-02 2.495057018116037060e-03
9.022556390977443108e-02 2.529790495361818048e-03
9.523809523809523281e-02 2.564844833867414506e-03
1.002506265664160345e-01 2.600221508857008396e-03
1.052631578947368363e-01 2.635921995554784715e-03
1.102756892230576380e-01 2.671947769184927161e-03
1.152882205513784397e-01 2.708300304971618996e-03
1.203007518796992414e-01 2.744981078139039580e-03
1.253132832080200432e-01 2.781991563911374778e-03
1.303258145363408449e-01 2.819333237512808722e-03
1.353383458646616466e-01 2.857007574167523805e-03
1.403508771929824483e-01 2.895016049099701123e-03
1.453634085213032501e-01 2.933360137533524373e-03
1.503759398496240518e-01 2.972041314693178119e-03
1.553884711779448535e-01 3.011061055802846491e-03
1.604010025062656553e-01 3.050420836086708415e-03
1.654135338345864570e-01 3.090122130768948889e-03
1.704260651629072587e-01 3.130166415073753344e-03
1.754385964912280604e-01 3.170555164225301141e-03
1.804511278195488622e-01 3.211289853447777710e-03
1.854636591478696639e-01 3.252371957965363280e-03
1.904761904761904656e-01 3.293802953002247184e-03
1.954887218045112673e-01 3.335584313782605313e-03
2.005012531328320691e-01 3.377717515530623965e-03
2.055137844611528708e-01 3.420204033470485971e-03
2.105263157894736725e-01 3.463045342826375893e-03
2.155388471177944743e-01 3.506242918822476996e-03
2.205513784461152760e-01 3.549798236682966037e-03
2.255639097744360777e-01 3.593712771632030616e-03
2.305764411027568794e-01 3.637987998893857898e-03
2.355889724310776812e-01 3.682625393692626811e-03
2.406015037593984829e-01 3.727626431252516713e-03
2.456140350877192846e-01 3.772992586797716073e-03
2.506265664160400863e-01 3.818725335552407285e-03
2.556390977443608881e-01 3.864826152740772312e-03
2.606516290726816898e-01 3.911296513586993984e-03
2.656641604010024915e-01 3.958137893315255562e-03
2.706766917293232932e-01 4.005351767149740311e-03
2.756892230576440950e-01 4.052939610314633227e-03
2.807017543859648967e-01 4.100902898034113238e-03
2.857142857142856984e-01 4.149243105532364473e-03
2.907268170426065002e-01 4.197961708033574532e-03
2.957393483709273019e-01 4.247060180761923209e-03
3.007518796992481036e-01 4.296539998941589431e-03
3.057644110275689053e-01 4.346402637796761663e-03
3.107769423558897071e-01 4.396649572551624037e-03
3.157894736842105088e-01 4.447282278430356346e-03
3.208020050125313105e-01 4.498302230657140119e-03
3.258145363408521122e-01 4.549710904456160353e-03
3.308270676691729140e-01 4.601509775051606382e-03
3.358395989974937157e-01 4.653700317667651930e-03
3.408521303258145174e-01 4.706284007528481125e-03
3.458646616541353191e-01 4.759262319858279834e-03
3.508771929824561209e-01 4.812636729881232187e-03
3.558897243107769226e-01 4.866408712821521446e-03
3.609022556390977243e-01 4.920579743903325670e-03
3.659147869674185261e-01 4.975151298350833327e-03
3.709273182957393278e-01 5.030124851388225078e-03
3.759398496240601295e-01 5.085501878239685920e-03
3.809523809523809312e-01 5.141283854129393913e-03
3.859649122807017330e-01 5.197472254281536655e-03
3.909774436090225347e-01 5.254068553920298278e-03
3.959899749373433364e-01 5.311074228269859442e-03
4.010025062656641381e-01 5.368490752554400808e-03
4.060150375939849399e-01 5.426319601998105639e-03
4.110275689223057416e-01 5.484562251825165005e-03
4.160401002506265433e-01 5.543220177259756097e-03
4.210526315789473450e-01 5.602294853526059576e-03
4.260651629072681468e-01 5.661787755848259572e-03
4.310776942355889485e-01 5.721700359450544553e-03
4.360902255639097502e-01 5.782034139557093444e-03
4.411027568922305520e-01 5.842790571392087774e-03
4.461152882205513537e-01 5.903971130179712541e-03
4.511278195488721554e-01 5.965577291144152743e-03
4.561403508771929571e-01 6.027610529509589907e-03
4.611528822055137589e-01 6.090072320500202092e-03
4.661654135338345606e-01 6.152964139340178634e-03
4.711779448621553623e-01 6.216287461253701928e-03
4.761904761904761640e-01 6.280043761464956104e-03
4.812030075187969658e-01 6.344234515198121822e-03
4.862155388471177675e-01 6.408861197677375408e-03
4.912280701754385692e-01 6.473925284126913135e-03
4.962406015037593709e-01 6.539428249770911326e-03
5.012531328320801727e-01 6.605371569833552378e-03
5.062656641604009744e-01 6.671756719539020421e-03
5.112781954887217761e-01 6.738585174111501319e-03
5.162907268170425779e-01 6.805858408775173132e-03
5.213032581453633796e-01 6.873577898754219123e-03
5.263157894736841813e-01 6.941745119272825157e-03
5.313283208020049830e-01 7.010361545555176231e-03
5.363408521303257848e-01 7.079428652825453874e-03
5.413533834586465865e-01 7.148947916307834410e-03
5.463659147869673882e-01 7.218920811226508909e-03
5.513784461152881899e-01 7.289348812805661500e-03
5.563909774436089917e-01 7.360233396269471109e-03
5.614035087719297934e-01 7.431576036842115797e-03
5.664160401002505951e-01 7.503378209747789233e-03
5.714285714285713969e-01 7.575641390210672947e-03
5.764411027568921986e-01 7.648367053454940660e-03
5.814536340852130003e-01 7.721556674704781707e-03
5.864661654135338020e-01 7.795211729184378484e-03
5.914786967418546038e-01 7.869333692117919457e-03
5.964912280701754055e-01 7.943924038729580084e-03
6.015037593984962072e-01 8.018984244243543627e-03
6.065162907268170089e-01 8.094515783883997687e-03
6.115288220551378107e-01 8.170520132875121189e-03
6.165413533834586124e-01 8.246998766441103468e-03
6.215538847117794141e-01 8.323953159806119981e-03
6.265664160401002158e-01 8.401384788194351388e-03
6.315789473684210176e-01 8.479295126829997434e-03
6.365914786967418193e-01 8.557685650937224900e-03
6.416040100250626210e-01 8.636557835740224856e-03
6.466165413533834228e-01 8.715913156463171024e-03
6.516290726817042245e-01 8.795753088330257943e-03
6.566416040100250262e-01 8.876079106565668009e-03
6.616541353383458279e-01 8.956892686393571473e-03
6.666666666666666297e-01 9.038195303038161141e-03
6.716791979949874314e-01 9.119988431723626346e-03
6.766917293233082331e-01 9.202273547674139076e-03
6.817042606516290348e-01 9.285052126113883461e-03
6.867167919799498366e-01 9.368325642267045367e-03
6.917293233082706383e-01 9.452095571357808923e-03
6.967418546365914400e-01 9.536363388610356526e-03
7.017543859649122417e-01 9.621130569248872305e-03
7.067669172932330435e-01 9.706398588497535188e-03
7.117794486215538452e-01 9.792168921580529303e-03
7.167919799498746469e-01 9.878443043722042252e-03
7.218045112781954487e-01 9.965222430146249491e-03
7.268170426065162504e-01 1.005250855607734209e-02
7.318295739348370521e-01 1.014030289673950071e-02
7.368421052631578538e-01 1.022860692735690774e-02
7.418546365914786556e-01 1.031742212315374212e-02
7.468671679197994573e-01 1.040674995935419143e-02
7.518796992481202590e-01 1.049659191118244156e-02
7.568922305764410607e-01 1.058694945386266968e-02
7.619047619047618625e-01 1.067782406261905993e-02
7.669172932330826642e-01 1.076921721267579471e-02
7.719298245614034659e-01 1.086113037925705987e-02
7.769423558897242676e-01 1.095356503758704476e-02
7.819548872180450694e-01 1.104652266288991790e-02
7.869674185463658711e-01 1.114000473038987034e-02
7.919799498746866728e-01 1.123401271531108449e-02
7.969924812030074746e-01 1.132854809287774794e-02
8.020050125313282763e-01 1.142361233831402575e-02
8.070175438596490780e-01 1.151920692684412460e-02
8.120300751879698797e-01 1.161533333369221821e-02
8.170426065162906815e-01 1.171199303408249071e-02
8.220551378446114832e-01 1.180918750323911755e-02
8.270676691729322849e-01 1.190691821638628807e-02
8.320802005012530866e-01 1.200518664874818987e-02
8.370927318295738884e-01 1.210399427554900015e-02
8.421052631578946901e-01 1.220334257201289088e-02
8.471177944862154918e-01 1.230323301336406876e-02
8.521303258145362935e-01 1.240366707482669882e-02
8.571428571428570953e-01 1.250464623162497388e-02
8.621553884711778970e-01 1.260617195898307633e-02
8.671679197994986987e-01 1.270824573212517988e-02
8.721804511278195005e-01 1.281086902627548083e-02
8.771929824561403022e-01 1.291404331665815287e-02
8.822055137844611039e-01 1.301777007849737496e-02
8.872180451127819056e-01 1.312205078701733987e-02
8.922305764411027074e-01 1.322688691744223870e-02
8.972431077694235091e-01 1.333227994499623474e-02
9.022556390977443108e-01 1.343823134490351387e-02
9.072681704260651125e-01 1.354474259238827236e-02
9.122807017543859143e-01 1.365181516267468913e-02
9.172932330827067160e-01 1.375945053098693791e-02
9.223057644110275177e-01 1.386765017254920976e-02
9.273182957393483195e-01 1.397641556258568361e-02
9.323308270676691212e-01 1.408574817632055054e-02
9.373433583959899229e-01 1.419564948897798773e-02
9.423558897243107246e-01 1.430612097578217064e-02
9.473684210526315264e-01 1.441716411195729033e-02
9.523809523809523281e-01 1.452878037272753615e-02
9.573934837092731298e-01 1.464097123331708876e-02
9.624060150375939315e-01 1.475373816895012014e-02
9.674185463659147333e-01 1.486708265485081962e-02
9.724310776942355350e-01 1.498100616624337307e-02
9.774436090225563367e-01 1.509551017835196289e-02
9.824561403508771384e-01 1.521059616640076800e-02
9.874686716791979402e-01 1.532626560561397774e-02
9.924812030075187419e-01 1.544251997121576410e-02
9.974937343358395436e-01 1.555936073843032855e-02
1.002506265664160345e+00 1.567678938248183093e-02
1.007518796992481036e+00 1.579480737859446579e-02
1.012531328320801949e+00 1.591341620199242593e-02
1.017543859649122862e+00 1.603261732789988681e-02
1.022556390977443552e+00 1.615241223154103428e-02
1.027568922305764243e+00 1.627280238814002994e-02
1.032581453634085156e+00 1.639378927292109434e-02
1.037593984962406068e+00 1.651537436110837864e-02
1.042606516290726759e+00 1.663755912792607219e-02
1.047619047619047450e+00 1.676034504859837820e-02
1.052631578947368363e+00 1.688373359834944437e-02
1.057644110275689275e+00 1.700772625240350167e-02
1.062656641604009966e+00 1.713232448598468391e-02
1.067669172932330657e+00 1.725752977431720472e-02
1.072681704260651570e+00 1.738334359262524650e-02
1.077694235588972482e+00 1.750976741613297083e-02
1.082706766917293173e+00 1.763680272006458091e-02
1.087719298245613864e+00 1.776445097964424180e-02
1.092731829573934776e+00 1.789271367009616365e-02
1.097744360902255689e+00 1.802159226664451844e-02
1.102756892230576380e+00 1.815108824451347122e-02
1.107769423558897071e+00 1.828120307892722174e-02
1.112781954887217983e+00 1.841193824510995239e-02
1.117794486215538896e+00 1.854329521828583516e-02
1.122807017543859587e+00 1.867527547367907326e-02
1.127819548872180277e+00 1.880788048651382827e-02
1.132832080200501190e+00 1.894111173201429299e-02
1.137844611528822103e+00 1.907497068540466370e-02
1.142857142857142794e+00 1.920945882190909851e-02
1.147869674185463484e+00 1.934457761675179022e-02
1.152882205513784397e+00 1.948032854515694551e-02
1.157894736842105310e+00 1.961671308234871208e-02
1.162907268170426001e+00 1.975373270355127581e-02
1.167919799498746691e+00 1.989138888398883295e-02
1.172932330827067604e+00 2.002968309888556939e-02
1.177944862155388517e+00 2.016861682346568138e-02
1.182957393483709208e+00 2.030819153295330970e-02
1.187969924812029898e+00 2.044840870257266449e-02
1.192982456140350811e+00 2.058926980754795244e-02
1.197994987468671724e+00 2.073077632310329696e-02
1.203007518796992414e+00 2.087292972446291861e-02
1.208020050125313105e+00 2.101573148685100326e-02
1.213032581453634018e+00 2.115918308549173329e-02
1.218045112781954931e+00 2.130328599560927377e-02
1.223057644110275621e+00 2.144804169242783484e-02
1.228070175438596312e+00 2.159345165117155727e-02
1.233082706766917225e+00 2.173951734706468242e-02
1.238095238095238138e+00 2.188624025533134759e-02
1.243107769423558828e+00 2.203362185119574906e-02
1.248120300751879519e+00 2.218166360988206576e-02
1.253132832080200432e+00 2.233036700661448007e-02
1.258145363408521344e+00 2.247973351661720909e-02
1.263157894736842035e+00 2.262976461511438317e-02
1.268170426065162726e+00 2.278046177733021246e-02
1.273182957393483639e+00 2.293182647848888978e-02
1.278195488721804551e+00 2.308386019381457668e-02
1.283208020050125242e+00 2.323656439853146252e-02
1.288220551378445933e+00 2.338994056786373316e-02
1.293233082706766846e+00 2.354399017703557445e-02
1.298245614035087758e+00 2.369871470127116880e-02
1.303258145363408449e+00 2.385411561579469861e-02
1.308270676691729140e+00 2.401019439583033932e-02
1.313283208020050052e+00 2.416695251660229415e-02
1.318295739348370965e+00 2.432439145333471428e-02
1.323308270676691656e+00 2.448251268125180291e-02
1.328320802005012347e+00 2.464131767557774591e-02
1.333333333333333259e+00 2.480080791153671180e-02
1.338345864661654172e+00 2.496098486435291419e-02
1.343358395989974863e+00 2.512185000925050080e-02
1.348370927318295553e+00 2.528340482145367135e-02
1.353383458646616466e+00 2.544565077618660479e-02
1.358395989974937379e+00 2.560858934867348696e-02
1.363408521303258070e+00 2.577222201413849334e-02
1.368421052631578760e+00 2.593655024780582019e-02
1.373433583959899673e+00 2.610157552489964644e-02
1.378446115288220586e+00 2.626729932064415449e-02
1.383458646616541277e+00 2.643372311026352672e-02
1.388471177944861967e+00 2.660084836898193167e-02
1.393483709273182880e+00 2.676867657202358641e-02
1.398496240601503793e+00 2.693720919461263519e-02
1.403508771929824483e+00 2.710644771197327774e-02
1.408521303258145174e+00 2.727639359932969992e-02
1.413533834586466087e+00 2.744704833190609455e-02
1.418546365914787000e+00 2.761841338492663361e-02
1.423558897243107690e+00 2.779049023361548909e-02
1.428571428571428381e+00 2.796328035319685379e-02
1.433583959899749294e+00 2.813678521889493786e-02
1.438596491228070207e+00 2.831100630593386819e-02
1.443609022556390897e+00 2.848594508953787227e-02
1.448621553884711588e+00 2.866160304493111863e-02
1.453634085213032501e+00 2.883798164733777578e-02
1.458646616541353414e+00 2.901508237198206774e-02
1.463659147869674104e+00 2.919290669408813876e-02
1.468671679197994795e+00 2.937145608888017470e-02
1.473684210526315708e+00 2.955073203158239264e-02
1.478696741854636620e+00 2.973073599741892642e-02
1.483709273182957311e+00 2.991146946161398618e-02
1.488721804511278002e+00 3.009293389939175778e-02
1.493734335839598915e+00 3.027513078597642709e-02
1.498746867167919827e+00 3.045806159659217999e-02
1.503759398496240518e+00 3.064172780646317804e-02
1.508771929824561209e+00 3.082613089081360364e-02
1.513784461152882121e+00 3.101127232486767735e-02
1.518796992481203034e+00 3.119715358384953299e-02
1.523809523809523725e+00 3.138377614298338419e-02
1.528822055137844416e+00 3.157114147749340988e-02
1.533834586466165328e+00 3.175925106260377856e-02
1.538847117794486241e+00 3.194810637353871774e-02
1.543859649122806932e+00 3.213770888552234389e-02
1.548872180451127623e+00 3.232806007377889146e-02
1.553884711779448535e+00 3.251916141353251855e-02
1.558897243107769448e+00 3.271101438000742490e-02
1.563909774436090139e+00 3.290362044842776862e-02
1.568922305764410829e+00 3.309698109401775640e-02
1.573934837092731742e+00 3.329109779200156022e-02
1.578947368421052655e+00 3.348597201760338676e-02
1.583959899749373346e+00 3.368160524604738026e-02
1.588972431077694036e+00 3.387799895255774740e-02
1.593984962406014949e+00 3.407515461235866711e-02
1.598997493734335862e+00 3.427307370067431830e-02
1.604010025062656553e+00 3.447175769272887991e-02
1.609022556390977243e+00 3.467120806374654474e-02
1.614035087719298156e+00 3.487142628895149865e-02
1.619047619047619069e+00 3.507241384356791364e-02
1.624060150375939759e+00 3.527417220281998944e-02
1.629072681704260450e+00 3.547670284193188417e-02
1.634085213032581363e+00 3.568000723612781144e-02
1.639097744360902276e+00 3.588408686063192937e-02
1.644110275689222966e+00 3.608894319066842382e-02
1.649122807017543657e+00 3.629457770146148760e-02
1.654135338345864570e+00 3.650099186823530656e-02
1.659147869674185483e+00 3.670818716621405270e-02
1.664160401002506173e+00 3.691616507062191188e-02
1.669172932330826864e+00 3.712492705668305609e-02
1.674185463659147777e+00 3.733447459962172671e-02
1.679197994987468689e+00 3.754480917466202633e-02
1.684210526315789380e+00 3.775593225702815470e-02
1.689223057644110071e+00 3.796784532194433237e-02
1.694235588972430984e+00 3.818054984463471746e-02
1.699248120300751896e+00 3.839404730032350277e-02
1.704260651629072587e+00 3.860833916423488110e-02
1.709273182957393278e+00 3.882342691159301057e-02
1.714285714285714191e+00 3.903931201762209091e-02
1.719298245614035103e+00 3.925599595754627330e-02
1.724310776942355794e+00 3.947348020658979217e-02
1.729323308270676485e+00 3.969176623997678482e-02
1.734335839598997397e+00 3.991085553293147181e-02
1.739348370927318310e+00 4.013074956067803206e-02
1.744360902255639001e+00 4.035144979844060981e-02
1.749373433583959692e+00 4.057295772144342560e-02
1.754385964912280604e+00 4.079527480491066532e-02
1.759398496240601517e+00 4.101840252406648013e-02
1.764411027568922208e+00 4.124234235413505589e-02
1.769423558897242899e+00 4.146709577034059929e-02
1.774436090225563811e+00 4.169266424790728925e-02
1.779448621553884724e+00 4.191904926205931858e-02
1.784461152882205415e+00 4.214625228802084539e-02
1.789473684210526105e+00 4.237427480101605554e-02
1.794486215538847018e+00 4.260311827626914877e-02
1.799498746867167931e+00 4.283278418900429707e-02
1.804511278195488622e+00 4.306327401444568631e-02
1.809523809523809312e+00 4.329458922781748154e-02
1.814536340852130225e+00 4.352673130434389637e-02
1.819548872180451138e+00 4.375970171924912361e-02
1.824561403508771829e+00 4.399350194775729361e-02
1.829573934837092519e+00 4.422813346509262000e-02
1.834586466165413432e+00 4.446359774647930946e-02
1.839598997493734345e+00 4.469989626714150621e-02
1.844611528822055035e+00 4.493703050230338919e-02
1.849624060150375726e+00 4.517500192718918589e-02
1.854636591478696639e+00 4.541381201702302667e-02
1.859649122807017552e+00 4.565346224702915290e-02
1.864661654135338242e+00 4.589395409243169494e-02
1.869674185463658933e+00 4.613528902845485946e-02
1.874686716791979846e+00 4.637746853032285316e-02
1.879699248120300759e+00 4.662049407325979250e-02
1.884711779448621449e+00 4.686436713248991887e-02
1.889724310776942140e+00 4.710908918323739730e-02
1.894736842105263053e+00 4.735466170072639980e-02
1.899749373433583965e+00 4.760108616018116079e-02
1.904761904761904656e+00 4.784836403682578287e-02
1.909774436090225347e+00 4.809649680588448661e-02
1.914786967418546260e+00 4.834548594258149951e-02
1.919799498746867172e+00 4.859533292214092415e-02
1.924812030075187863e+00 4.884603921978700192e-02
1.929824561403508554e+00 4.909760631074386317e-02
1.934837092731829467e+00 4.935003567023575621e-02
1.939849624060150379e+00 4.960332877348683916e-02
1.944862155388471070e+00 4.985748709572126319e-02
1.949874686716791761e+00 5.011251211216326273e-02
1.954887218045112673e+00 5.036840529803698896e-02
1.959899749373433586e+00 5.062516812856660692e-02
1.964912280701754277e+00 5.088280207897633023e-02
1.969924812030074968e+00 5.114130862449033782e-02
1.974937343358395880e+00 5.140068924033280862e-02
1.979949874686716793e+00 5.166094540172793542e-02
1.984962406015037484e+00 5.192207858389989716e-02
1.989974937343358175e+00 5.218409026207285195e-02
1.994987468671679087e+00 5.244698191147103422e-02
2.000000000000000000e+00 5.271075500731857433e-02
