0.0 0.0 0.0
0.0111473085754 0.0470394392743 0.00265815110152
0.0196340361298 0.0818746258386 0.00527313241286
0.0202808650651 0.0843094143674 0.00363068848243
0.0214187562641 0.0896643967041 0.00456501837879
0.0218444423098 0.0936066718038 0.00452056100826
0.0241436677065 0.0993062839697 0.00571684451559
0.0269927671389 0.108833309001 0.00216197828427
0.0314955322295 0.134064480316 0.0111432406874
0.0337090230869 0.14190789492 0.00785916756725
0.0337896307717 0.140302330473 0.00776208606345
0.0365030311944 0.146760391222 0.00305764336244
0.0376089017461 0.155669514123 0.00810431964742
0.0467415140546 0.188628888721 0.0101881418295
0.0510921439677 0.201935935086 0.00849536807358
0.0572983564621 0.230759799567 0.0188164737194
0.0674773982369 0.260735690068 0.0103916988205
0.0742602839982 0.29035686849 0.0103710452494
0.0769691028964 0.303654094374 0.015749910874
0.0787496329352 0.302266062769 0.0145650265945
0.0826464137415 0.320815510281 0.00686613013882
0.0872447422541 0.326802995259 0.0203403388634
0.0874138202262 0.344835443086 0.0214973256467
0.0879807791869 0.342017511813 0.0141367096816
0.0906845933158 0.345140171745 0.0136955272538
0.10040895108 0.38787043122 0.0315397277572
0.110828735122 0.419851668502 0.0293726862234
0.128115696278 0.47717633791 0.027143852282
0.133500535398 0.485589800779 0.0198306380184
0.134255836724 0.494417610538 0.0168036149235
0.140444877994 0.517313166446 0.0243300747526
0.149845687329 0.532466648496 0.00956421162944
0.151157757004 0.543241406297 0.0325531664834
0.152201981918 0.55065449926 0.049342516689
0.153386419411 0.551427117846 0.0220219740628
0.15907452614 0.563482825922 0.0323124725377
0.159346874665 0.55678633218 0.0148065019023
0.164001521485 0.570283063021 0.0225302914689
0.164077288804 0.586199762164 0.0294169658674
0.171467229223 0.597741739563 0.0245623830319
0.172349471525 0.619442209563 0.0480996780538
0.177140685206 0.609486689401 0.01465038685
0.182779537745 0.631836238245 0.0511854392487
0.184137044809 0.654517553892 0.0173310112129
0.19088801258 0.655085044714 0.0452764039626
0.195669084054 0.683018019081 0.0536235563202
0.19685030496 0.678599058462 0.043199597731
0.197019768573 0.678940155726 0.0321978997092
0.197738078498 0.663022029404 0.0255533107667
0.199196361113 0.666722835905 0.0374750357834
0.201479182329 0.680700000451 0.0340520542337
0.205671856111 0.695501589044 0.0480760274203
0.206947220678 0.707161597703 0.0162446953079
0.207661174268 0.693252386056 0.0309015004269
0.207788388436 0.701635228273 0.0340988272048
0.209042586848 0.698945477667 0.0356488753692
0.215939049994 0.715179984598 0.0287896880099
0.217451816432 0.737529635189 0.0570149485195
0.218156107768 0.710632899888 0.0309809078297
0.236758961495 0.785360737348 0.0378982509101
0.244497034961 0.811256695112 0.0531223568373
0.247412313961 0.794545411403 0.027125855077
0.253108673153 0.826306414654 0.0493493183793
0.260449378135 0.810974277599 0.0367327740961
0.265705176448 0.840038519559 0.0207900332558
0.267979809835 0.851975363233 0.0291604219008
0.270398898372 0.860433697125 0.0302688584975
0.271052216005 0.863511649223 0.0303635534366
0.276516775941 0.84847277559 0.0495769765958
0.280387727494 0.880714946613 0.0653534061311
0.285153145579 0.875727222997 0.0191108337409
0.29511940357 0.896663194566 0.0498530187815
0.29637735675 0.894490544905 0.0627359816414
0.296578947302 0.888675494263 0.0524704284183
0.304694428925 0.939334999145 0.0706454559835
0.305512012233 0.908616926829 0.0404267266655
0.309441390399 0.918946103772 0.0811612792927
0.310490960245 0.92776251185 0.0344449630995
0.317145053848 0.946241937119 0.0570191938209
0.331424066517 0.95824955831 0.0267597333701
0.337501969705 1.00883628082 0.0686921829249
0.342537906792 0.989331310501 0.0374106630643
0.344780100594 1.01478892707 0.0545706428845
0.34700753157 0.995801506235 0.0622849018077
0.34890824711 1.00596437137 0.0801346014391
0.351411073055 1.03205625548 0.0530457568106
0.353725644168 1.00877742953 0.0226002694521
0.357329038753 1.04866082389 0.0641436757664
0.359392756315 1.06461670065 0.0618010669033
0.360076609652 1.05710784853 0.0581071925429
0.360894351327 1.01647322253 0.068230645905
0.365250322138 1.03726971648 0.0808801489059
0.36907269139 1.06400649007 0.0394666813447
0.375603755505 1.08752599599 0.0677768937631
0.37733408486 1.08625140072 0.0371131256249
0.377969171186 1.07675716141 0.0514868659507
0.381697119081 1.08822032554 0.0477096629922
0.383429657034 1.07632749785 0.0772053480675
0.386433480746 1.11118730982 0.0646326430258
0.390983434261 1.09984832212 0.0343201794629
0.403069697546 1.1131132625 0.0290760808719
0.407229860382 1.11407479867 0.043203978989
0.410538433763 1.11717006219 0.0650121952031
0.413184916199 1.09046841131 0.0593486621428
0.414901361551 1.13241267278 0.0485461090169
0.433270498395 1.14861066708 0.0331821376224
0.435385993208 1.14965905442 0.0349233693906
0.436803722516 1.19003549244 0.0707081186206
0.441855536097 1.15101573275 0.06423057255
0.442190208912 1.15373356363 0.0728500001939
0.44637471805 1.20197323753 0.0749395994624
0.462288595305 1.21602375775 0.0704321111894
0.466316370513 1.19957976381 0.0835308125046
0.470663356716 1.1819429502 0.0406103702317
0.473374108127 1.23376128336 0.057622670523
0.477151795207 1.24593832767 0.0901477213634
0.481481612594 1.22849807271 0.041398164597
0.488817073678 1.24887333859 0.0521764210047
0.494531066529 1.22167839122 0.0341606822331
0.495203485165 1.24191703417 0.0636720424016
0.495245798894 1.22815699247 0.0408806670971
0.498119317478 1.22095358329 0.0612806256233
0.505447445006 1.25788699249 0.0550467444208
0.506359257772 1.26485766986 0.083051300382
0.507649167293 1.28215851793 0.100608984368
0.510344926318 1.28440043991 0.110821947209
0.510973872805 1.25788974835 0.0515233317289
0.515165477823 1.25328361631 0.0426472854543
0.520197033097 1.31680839224 0.0754933749778
0.520294581173 1.26217282841 0.047652118414
0.521001756526 1.34589996965 0.112873289684
0.529434600512 1.29851264039 0.0608276296569
0.534944486034 1.2906289922 0.0391038922524
0.538719789279 1.32434333307 0.0397519022119
0.541329785777 1.31554161132 0.0724916571445
0.541407384046 1.31058029618 0.0864078929568
0.542890992504 1.32290364673 0.126262235691
0.554330694392 1.32898805198 0.0991718152775
0.558109601012 1.32024231757 0.0591613614863
0.563653402783 1.31354495403 0.0294462755067
0.565162044563 1.36782735074 0.0282130581024
0.567944204453 1.3420130215 0.06102024807
0.569291957191 1.33527678905 0.05737757302
0.583029775411 1.34973945385 0.0630913206206
0.610232689957 1.39676787114 0.0498788790123
0.613981347963 1.39418035295 0.0593022351658
0.617771652413 1.41534487955 0.0732959820228
0.622054488617 1.38712621599 0.0380080335927
0.624725915594 1.40665740597 0.0636404328895
0.632460724354 1.44428818549 0.116962140862
0.637745412106 1.42121641031 0.0731316549169
0.647494948975 1.44927806246 0.0600807157798
0.64970988319 1.44466628188 0.068234598318
0.650583197496 1.39363226398 0.0823725903329
0.654413984998 1.38763414021 0.0202017627395
0.657115106012 1.41979957516 0.0962115364591
0.660174519344 1.43226928604 0.0826295416778
0.660463159886 1.438318265 0.106716557165
0.668361090544 1.41832895923 0.070843620664
0.682870806657 1.4850502723 0.058965458722
0.683891302413 1.46389319365 0.0409172285671
0.687300177526 1.44556179325 0.0508866731813
0.690907496398 1.44178379361 0.0869728752132
0.695681135911 1.45552281628 0.0869412487192
0.700043089616 1.4817190742 0.041248186083
0.716530604804 1.47810471545 0.0541600163731
0.727021622478 1.52538759954 0.102115584534
0.729147028592 1.50117644715 0.138428016273
0.732491166954 1.48222007391 0.0863643449553
0.736503744182 1.52122395414 0.0864562965054
0.738122769436 1.4781013942 0.127705639459
0.738618915289 1.50082053915 0.0481550968262
0.741418439163 1.54096830629 0.110807319043
0.741570848085 1.51477284321 0.0732472826004
0.748163399803 1.49798535327 0.0713024109847
0.750225927563 1.54395862763 0.0751023686175
0.752533344568 1.50217101992 0.0599074779511
0.767806419474 1.54621352307 0.114324379477
0.768294830678 1.51023528886 0.107746084854
0.768998879278 1.53553449489 0.0810211323441
0.769005205379 1.56276296604 0.0987406134954
0.770106928623 1.55133790159 0.0781548629372
0.807980051992 1.51875961574 0.0610567527189
0.814283954564 1.53339009524 0.047352219755
0.815863047352 1.5546992024 0.0773311100401
0.815944934191 1.556798453 0.0766503400252
0.818275727329 1.52577593297 0.0494637472185
0.819008116541 1.56950261785 0.0839452456567
0.820799083718 1.59786859132 0.0680487421318
0.823428903694 1.55201287148 0.0882677238481
0.828891844462 1.56559409783 0.130034193177
0.830981054861 1.58683108665 0.107267301949
0.832420116285 1.59303125837 0.0691126422039
0.837587507983 1.58132495888 0.135924433221
0.846821094291 1.60636024915 0.155687590884
0.848562052553 1.54859819828 0.0630091957927
0.850665624559 1.60277433093 0.0930107753674
0.859363378249 1.58187824372 0.0986372224586
0.864161278607 1.55282743922 0.0784581511813
0.864722565605 1.56796914725 0.073171319864
0.865550404567 1.63571388349 0.131982344951
0.874300072613 1.56918549067 0.0717852313493
0.876920057491 1.5852481219 0.0848218014027
0.89439207933 1.56861574866 0.0528172767158
0.895090380748 1.55791622747 0.0798372982644
0.89796407668 1.55756082494 0.0754556458753
0.898226171622 1.61093163277 0.110877211272
0.912830422487 1.62262054836 0.10766390959
0.91529686475 1.622925006 0.119522571534
0.919807484987 1.59870917869 0.0940722956477
0.930736059496 1.62778797248 0.0750933972866
0.932178333434 1.62901574123 0.0651218257143
0.933990717616 1.61439482354 0.125276399012
0.934087493862 1.54662100352 0.0650055481345
0.936560639186 1.61620948169 0.0601750802604
0.937919807206 1.61973517446 0.0815743662314
0.951704197787 1.65506156513 0.127031654093
0.953989754503 1.60160689232 0.0803420252696
0.955894845362 1.65273522988 0.0865447241701
0.960313994105 1.64051411013 0.0685726394421
0.968855988612 1.64580565649 0.0945008926742
0.968873060103 1.60974823745 0.0883194967497
0.971462859311 1.66372258862 0.166459460992
0.973519246662 1.62473116592 0.0582881304944
0.977374986658 1.66419552496 0.069487595284
0.98021392925 1.66381899003 0.158837149583
0.984673430472 1.61433275823 0.0948223624399
0.985969933903 1.6430363532 0.0629225571161
0.987324432409 1.67298759744 0.139429640606
0.988815109908 1.66457401417 0.130117421284
0.994508635054 1.68645058141 0.147050950308
0.995568936875 1.62490911864 0.0390276768137
0.996227455764 1.64141968948 0.0702022914257
1.01529528235 1.65917948646 0.0510950528902
1.01978639743 1.67651591695 0.0836146848989
1.02118168543 1.64916901359 0.136952728979
1.02134769221 1.64102214695 0.0314261796428
1.02444910904 1.6326131555 0.11566365277
1.02706961211 1.69252861945 0.0760753796424
1.02896342376 1.66062077335 0.123648815857
1.04048159392 1.63462734511 0.0604297363071
1.04514048496 1.65534905132 0.089882903902
1.05222513815 1.68462616223 0.094648316007
1.05279497916 1.65627405992 0.095702889767
1.05288445594 1.69078063794 0.0778941578191
1.05610571002 1.63415322089 0.0415967375232
1.06097949956 1.64583775113 0.133906782706
1.06363041118 1.70231643247 0.132051767165
1.06407376374 1.66632252079 0.138173704886
1.06896550813 1.6770362768 0.0957964610004
1.06909165395 1.69008649697 0.163600494247
1.07281763555 1.66384748928 0.0949143938516
1.07875238433 1.68135737687 0.135870203423
1.07887593255 1.6161630853 0.0715472662834
1.08029102694 1.68008216418 0.132591896055
1.08359005905 1.66241049751 0.0757251757497
1.0841199115 1.64166863971 0.03936150083
1.08596533787 1.7369470116 0.116839620491
1.08877849101 1.69518109182 0.101376498622
1.09317639917 1.70882165376 0.0569125370174
1.0943121244 1.69518058977 0.0639575452889
1.10313363528 1.68456498455 0.128473830702
1.10877742963 1.72814855704 0.109840579757
1.1183104107 1.66434951085 0.0639804564506
1.11844016093 1.6339006727 0.0615815080402
1.12785253387 1.66816984489 0.0914664938131
1.12843265503 1.70005420267 0.12545732591
1.13290088478 1.68444761047 0.0941543340283
1.13517018078 1.6850702775 0.0747484347705
1.13798430225 1.68791066205 0.103381799063
1.13982861656 1.69592138126 0.105048746776
1.13990205644 1.71075499322 0.0994529218798
1.14205809828 1.67234141414 0.106898274323
1.1439934637 1.71189624805 0.107862794671
1.14691023402 1.71074840239 0.119475459565
1.16001871232 1.7097698415 0.0550860908815
1.16127962175 1.70012184613 0.161909182363
1.16353542353 1.71014730727 0.108842627704
1.1874917081 1.67177341468 0.0551881490543
1.18761327966 1.66430329747 0.105922940019
1.18801504017 1.72502292389 0.0927733181669
1.1885745577 1.71902916861 0.0605638848623
1.19491102865 1.69510656399 0.0820012271988
1.19594989375 1.6426988648 0.107782947073
1.19724357777 1.73474481888 0.131666575128
1.19983314953 1.7291792537 0.12196754323
1.20088705852 1.72468753393 0.0912418875391
1.20181454102 1.68706657161 0.0814029541824
1.20300011903 1.64837227106 0.0951674124209
1.21209905122 1.7410496876 0.123445115886
1.21376308602 1.70331309453 0.083903154804
1.22053566048 1.76241848481 0.104611547022
1.22272345021 1.69924880976 0.0865399192501
1.22709214273 1.71750104345 0.095098052252
1.22895544779 1.68930491644 0.110616411267
1.22949931005 1.77147213998 0.0981500698454
1.22962757876 1.70731123938 0.0366161065358
1.23113531871 1.75264838061 0.13002604506
1.23123476562 1.71322965735 0.0858368190405
1.23791270133 1.71585625542 0.170306173441
1.2417190772 1.71596088137 0.0983980208295
1.24632645876 1.69039553076 0.0832884738294
1.24787918348 1.78392870101 0.177751129348
1.25182856725 1.65953391377 0.0729654628255
1.25325139974 1.73400974961 0.105965816007
1.25698909784 1.68770673693 0.113781928757
1.25851076645 1.67514398114 0.0494384996705
1.25855163176 1.63720857664 0.0789602173283
1.26119914776 1.75122641648 0.174305936189
1.2658594458 1.73652368845 0.124303681191
1.27200319 1.73305649736 0.0999070890787
1.27279701609 1.7363091522 0.0547368388536
1.27507289591 1.73980547599 0.106933524514
1.27510824761 1.72574427548 0.0836713827117
1.28966887401 1.72935570646 0.0903715498829
1.29102298958 1.77449549834 0.155666347145
1.29672902346 1.67615203412 0.0675053780882
1.29838749117 1.72051508171 0.132437021522
1.29851814737 1.66991197915 0.0628528856901
1.30513122656 1.74095176723 0.104983331222
1.30588334449 1.72228700427 0.111041707637
1.30645256709 1.72175273916 0.1492199278
1.31228485923 1.71771889812 0.095394727528
1.31301987127 1.70506143649 0.11694964849
1.31716138617 1.73224834208 0.10165064165
1.31720242549 1.73673289264 0.0664151277982
1.31869228118 1.80170687366 0.148951310197
1.32361957119 1.73097303244 0.170396377286
1.32488951424 1.69532349412 0.080214141099
1.33122990853 1.72090993729 0.0976692820076
1.33164433147 1.70991275145 0.120425697331
1.33540891226 1.72713476828 0.136435658314
1.33543486317 1.69725637857 0.0831556969409
1.33871361496 1.72940281573 0.0820585893996
1.34524812813 1.74035820572 0.109460476707
1.34581090866 1.7454819183 0.109834736205
1.34833472678 1.78898185589 0.188167220537
1.3495034315 1.65806595342 0.0916950688637
1.35113257225 1.77575259287 0.168335743451
1.35403331159 1.73647769209 0.102743895572
1.37358654857 1.68570075419 0.0880121836381
1.37641203681 1.7794564166 0.145580089398
1.37787797802 1.73213240296 0.0975479961578
1.37932581657 1.7648147734 0.162656334831
1.38982107398 1.71020451247 0.132007004047
1.39390602301 1.78664092576 0.137314390231
1.39585485745 1.80576402773 0.122153798156
1.39704138041 1.69535963449 0.0694900495138
1.40192020653 1.69322559366 0.101881965705
1.40485489923 1.76718201118 0.103894263413
1.40969485178 1.75593737152 0.165029604278
1.41312845145 1.75909454956 0.14243956891
1.41719623283 1.76050318441 0.0698168141521
1.42170116589 1.76256506558 0.159294332273
1.42188850866 1.69814865861 0.106635132616
1.42953542769 1.7443251943 0.065691481106
1.43163377064 1.80541292578 0.104270028263
1.43577833016 1.72424246204 0.0970769100188
1.43763659694 1.7855853291 0.136580598963
1.44290248444 1.74842987609 0.0899071240137
1.44356466279 1.76622636872 0.0774692826254
1.44587768473 1.73363650377 0.124915905701
1.45324220341 1.73146145032 0.115176041043
1.45875535522 1.69112297018 0.0828547777812
1.4657362306 1.70060998294 0.109666528167
1.46576169104 1.75241825556 0.0858621622279
1.4710992224 1.71712682175 0.0632368448781
1.47508755368 1.74706636219 0.142819477158
1.47572213925 1.73377231403 0.20097402533
1.47581398998 1.6856089116 0.0732705686458
1.48637466666 1.75571559903 0.123722422157
1.48789916483 1.69994464038 0.110315400245
1.49239818724 1.72572064985 0.0687496707726
1.49252873793 1.74391152402 0.0916415931352
1.49823960679 1.70035428293 0.0765919200242
1.50106618604 1.69553405802 0.0738740652023
1.50148834554 1.73146576164 0.0712707978745
1.51211861167 1.76770423399 0.123535188974
1.51237757757 1.78227822415 0.112443641037
1.51303245603 1.7739629605 0.115749374786
1.51459185547 1.73227601034 0.101119269791
1.52448367875 1.7819977297 0.104045830169
1.52467002595 1.77907661624 0.0909325504317
1.5251312047 1.73659399519 0.107392772676
1.52902257479 1.74813941726 0.149959160601
1.53477003354 1.82024688881 0.18737226362
1.5358368765 1.74007849732 0.084251603938
1.53583802345 1.76611404012 0.0793357547832
1.54015494601 1.7597430855 0.178335106265
1.54947648684 1.75718606656 0.163899464574
1.55369031429 1.75958884088 0.0986971189605
1.55877206939 1.72072420204 0.115779451126
1.55878680649 1.73862297825 0.121641247711
1.5623055802 1.70307572286 0.142515243012
1.57807813207 1.76857441055 0.174200555993
1.58270161453 1.72720358036 0.128132759183
1.5875733852 1.79779150065 0.0938822983234
1.58908062086 1.7335853906 0.0494665672455
1.59882377601 1.73953026367 0.0939593780266
1.59882875052 1.77792448659 0.122938728383
1.59886397436 1.74890851132 0.156346338879
1.59972331673 1.75008984277 0.101256826495
1.60246538912 1.72060579714 0.110872935014
1.60777763938 1.77043130583 0.197337669946
1.61263322489 1.79746116763 0.148885380657
1.61377011797 1.7525400575 0.144286501357
1.61522342193 1.75181411749 0.121518443378
1.61582274162 1.70696803702 0.0864632330777
1.62077696879 1.67973524298 0.0253910497794
1.62402435305 1.73704203736 0.162056035421
1.63516202754 1.75971376935 0.14782774197
1.63858717511 1.7322124877 0.096963893906
1.64359809061 1.79053666811 0.0886230133569
1.65268137049 1.81682653448 0.0663836091823
1.65704229836 1.74301367513 0.141764013251
1.6593960231 1.70397986888 0.18356702837
1.66083735323 1.77716575393 0.163905052663
1.6634347025 1.72631317727 0.125707060879
1.66517582981 1.80759857105 0.173429685693
1.68260317369 1.70700032123 0.0967188564374
1.68438291557 1.75583653306 0.0964734147038
1.68819506652 1.79583868222 0.190726083848
1.69180476398 1.726149393 0.146867572278
1.69247919386 1.73243600217 0.128097946027
1.69983526441 1.73079194543 0.143316458068
1.7117132867 1.78811305669 0.134347301558
1.71346824364 1.74982851392 0.115507521251
1.71608561559 1.73803581992 0.112157847984
1.71949854421 1.7924261472 0.144827395071
1.72800213922 1.76906681787 0.0937088140634
1.72995914332 1.72198285608 0.104736610926
1.73093997797 1.72735794864 0.131412516158
1.73283459197 1.76632001816 0.115603433222
1.73308758514 1.76676895226 0.19182908224
1.73701178645 1.71450259647 0.0926080667683
1.73716731702 1.75745216707 0.0929441281553
1.74219769084 1.72101435553 0.135885433185
1.7489329659 1.74471003816 0.108854734045
1.75000853738 1.70939803097 0.115569717387
1.75223454945 1.76954339918 0.157412496042
1.75539945597 1.70693481969 0.101909202787
1.75887706654 1.71354558011 0.0728319581319
1.76224907957 1.73991008994 0.0922656740264
1.76774982503 1.74377930954 0.221809857726
1.77793731867 1.7634838445 0.173475516684
1.78066206342 1.71175161343 0.0784140487634
1.78811452229 1.70649219213 0.0707645523331
1.80044219543 1.76558418121 0.164205493587
1.80175796573 1.7028173581 0.0669073428355
1.8031999767 1.70399146975 0.121679525582
1.81248884646 1.74210177934 0.142030299902
1.81789802239 1.77633464165 0.149536530625
1.82240163726 1.77286712301 0.213127761282
1.82716822443 1.71065392869 0.136145828672
1.82941327725 1.76813161774 0.102100708893
1.83011901727 1.75877148461 0.101263955138
1.83221566705 1.78390977439 0.0954427550566
1.83883991579 1.69587219499 0.0983612318838
1.8485109258 1.64464945286 0.0559922062157
1.85336366077 1.70111847131 0.15114599842
1.86054216764 1.73122712941 0.145286391665
1.86296988381 1.73545733725 0.1139115781
1.86867658809 1.73416653366 0.117284447669
1.86892681743 1.68909663724 0.095798874118
1.86914008751 1.78762857089 0.155227728809
1.87570262898 1.78143632375 0.146711586286
1.87606419355 1.75665538486 0.153257314699
1.87682633846 1.77167728738 0.12297846876
1.87779077452 1.73499902484 0.136216984661
1.88508210169 1.73374288784 0.136456301795
1.88817757777 1.7613890323 0.126854330141
1.88841792249 1.76309108676 0.0492576550008
1.89497979562 1.75608697704 0.165607704906
1.90164173322 1.71434249942 0.158214752903
1.90213625976 1.73419692229 0.121090530309
1.90310884614 1.76518176068 0.123040785475
1.905676525 1.74757851562 0.0839489059884
1.90586044317 1.76609643613 0.131715096441
1.90864848845 1.72503645879 0.0797762889492
1.90934408321 1.81600486551 0.201816057852
1.91061265868 1.75965040213 0.0906785758985
1.91199201796 1.75436445091 0.0853368306696
1.91773360051 1.71171647094 0.093524968097
1.91919002562 1.76521096311 0.121914789047
1.92131352277 1.7220949721 0.0829461874451
1.92232915798 1.73596393533 0.0894885575033
1.92336158378 1.82237876496 0.15956954442
1.92722536757 1.67100271161 0.170568119813
1.93952428815 1.74663297554 0.0991061803633
1.94048589378 1.74889048466 0.171708483881
1.94104646036 1.67231886394 0.104113113465
1.94854321953 1.73440803106 0.085351741807
1.95093593281 1.80452634571 0.111978618541
1.95096527713 1.71654972469 0.0510852635174
1.95298060231 1.691607014 0.0822987847448
1.97617982621 1.76166097183 0.14307815176
1.98043213739 1.74719267976 0.175999283588
1.99068467337 1.6919092324 0.0987294231059
1.99102307265 1.71052038476 0.0954338894846
1.99862701989 1.80776487426 0.107004947896
