0.00586943469352 32.0043788283 0.134533880817
0.0101305731559 33.1533848207 0.0572031634079
0.0174574822326 34.4562397169 0.123260572658
0.0305632056952 35.6401146446 0.112250839724
0.0355628248953 35.9391695224 0.0423861794819
0.0359606737963 35.9995456031 0.128283228698
0.0419912886859 36.347325224 0.141446712133
0.0443269375425 36.4606234231 0.0595962375768
0.045752796007 36.5424985337 0.132997374509
0.0487388837445 36.6907965769 0.129655468577
0.051239654099 36.7985811512 0.188528716494
0.052529901555 36.8231789882 0.118747130112
0.0631687247207 37.2183991853 0.108251949662
0.064246677407 37.3036937077 0.102435488042
0.0694174633997 37.4774708694 0.112073522698
0.0697099202222 37.4259308314 0.105453166045
0.072612404418 37.5690412936 0.095269858433
0.0738595582822 37.555292884 0.0744637447609
0.0784890363237 37.7933208385 0.107786047744
0.0792193097688 37.7596739941 0.113161947717
0.0803886314341 37.8459097181 0.149699457717
0.0828763729845 37.8457399938 0.0856064183573
0.0884459516555 38.0259195227 0.0903627101273
0.0895414946699 38.0414589016 0.135750309228
0.089838605992 38.0735590316 0.10306534706
0.0947646107488 38.1776112697 0.0985427560848
0.0965719581928 38.2463454509 0.110954747957
0.0968928595486 38.2808293604 0.132138565549
0.098295206138 38.2670757888 0.158922451306
0.0989603081431 38.2496312695 0.108378899855
0.102243307894 38.3645765245 0.111339027701
0.103694713484 38.3459364887 0.0893516083597
0.108262676653 38.5089723117 0.147453866548
0.110213440488 38.5345623764 0.11457667138
0.111208230307 38.5361618183 0.130620209873
0.11730136597 38.6971659921 0.0879311362319
0.1176116176 38.703907814 0.137822530104
0.126379814998 38.842667579 0.106896051003
0.131678501659 38.9854558355 0.131735285163
0.132474645398 39.0062390537 0.176362641138
0.137749656465 39.1114347905 0.250005554078
0.146395850345 39.2423280706 0.114411246067
0.147000072292 39.2550289063 0.156843899404
0.147948822157 39.2049614112 0.0840299466194
0.149265188038 39.227259052 0.157025034208
0.15668175398 39.4154447029 0.0819849049034
0.162677767142 39.4735138418 0.0751097598884
0.175262284257 39.640615616 0.148782904971
0.177706207585 39.6568771884 0.119627391783
0.185471783364 39.8037408973 0.0835588074137
0.187697317018 39.7739914508 0.0615058834816
0.195126097993 39.9220011583 0.073985650225
0.198401914899 39.9307130967 0.119606877398
0.199516646972 39.9465752536 0.0877214832675
0.19996898922 39.9084025763 0.0972866100156
0.203871037384 40.02509264 0.125554102568
0.20663961685 39.9968107106 0.169881796904
0.207608905381 40.0191224388 0.0974235188863
0.210085846007 40.1313119862 0.143167325754
0.211221616082 40.0436399058 0.225871333474
0.212571410844 40.1180778933 0.188027181479
0.214473832172 40.1476910062 0.130981509639
0.219923456314 40.2173996999 0.100168469645
0.221120998868 40.1885897398 0.124801700419
0.225067113278 40.243080147 0.147998242895
0.226180357851 40.3025596144 0.158486464901
0.229684023694 40.2810267309 0.132814782233
0.230604448846 40.254756832 0.0398501743536
0.233393676276 40.328670873 0.131917443158
0.236385951336 40.3314666932 0.10748764274
0.241016837427 40.4198816525 0.10288389228
0.245840709735 40.4734772041 0.112276848043
0.250576984436 40.4985396817 0.0619599050222
0.256868218838 40.6166905437 0.094559976857
0.257554461534 40.6276304017 0.136071284195
0.260047458838 40.5655237924 0.100766224082
0.264815295168 40.6714795803 0.144528801284
0.270603487213 40.7260218704 0.189667825463
0.272212933636 40.6810157298 0.0994459775491
0.278667855393 40.7044222304 0.0764304133221
0.280787929124 40.8007474586 0.101556099069
0.288805450666 40.875995941 0.226269839114
0.297902323844 40.9008393283 0.0249486588772
0.298429521534 40.9782203345 0.0608761251269
0.301980943912 40.997717353 0.119066839367
0.317575595718 41.100156881 0.109573706306
0.31923072101 41.0647889487 0.150826614587
0.320926301565 41.1129963796 0.125316774863
0.336085723797 41.2057790644 0.186817833127
0.349379927187 41.404438714 0.116112839968
0.364292616884 41.4463704171 0.139131498083
0.365422152499 41.4555854489 0.121960846553
0.368518171522 41.5189893127 0.149303779388
0.36918996173 41.4794799979 0.128871992025
0.36973844746 41.4395220825 0.103840736553
0.37407661963 41.5513535345 0.141588480763
0.374276067682 41.5261297254 0.109137175022
0.377935588946 41.5125667025 0.179534171672
0.379817787962 41.6070835125 0.139851465858
0.390597029784 41.6276496171 0.135308522967
0.396470851891 41.6506633254 0.0989431626367
0.397639298768 41.6134107186 0.0815086445065
0.397932886512 41.6750416896 0.106077078275
0.400085436222 41.6809329026 0.109517362998
0.400420148384 41.6465546189 0.102478922381
0.417068022933 41.8469242437 0.114564097808
0.418119307164 41.8174433061 0.128174795663
0.426572280798 41.8243896834 0.0766783818663
0.426918215333 41.894613385 0.127186586952
0.427763783831 41.8406398273 0.0362782884173
0.432323517561 41.9279131175 0.0927583690603
0.432419314364 41.9026413182 0.121408778947
0.432996321945 41.8524835507 0.0998879500102
0.436773635207 41.915217416 0.0893729287127
0.43704673298 41.8679108736 0.0712122087721
0.437722000404 41.8484853263 0.0692993923952
0.438262072474 41.9168065219 0.107746221955
0.442404028156 41.9874719137 0.226020424555
0.443034059564 42.010125891 0.118434307482
0.447680673045 41.9172900203 0.0581248136892
0.453747240124 41.9821075879 0.123236575081
0.456339120201 42.0167178039 0.10591206966
0.457748301251 42.0077303297 0.0867744805651
0.466650763769 42.1248798289 0.0786185583071
0.469295950488 42.0311080626 0.132492274807
0.472435919743 42.0861730039 0.0931755061014
0.484456714707 42.1708267158 0.0504988993094
0.494768252599 42.2122392613 0.18475853052
0.500195078774 42.2008792055 0.0916879347052
0.50409037898 42.241696699 0.11507995361
0.50554196977 42.2164268945 0.0571611376232
0.508343976846 42.2115915287 0.114443511787
0.509620297918 42.2834908165 0.150716438891
0.510743768732 42.3488785284 0.170788785613
0.512906809211 42.3602131128 0.15088617204
0.513987026858 42.3373475516 0.229990007346
0.517124331911 42.3654426043 0.158610308434
0.517631864654 42.3670793637 0.108502499497
0.523772482627 42.3280595851 0.118138140282
0.534549851379 42.465151095 0.0922121322638
0.536424041243 42.4021598986 0.105161275721
0.539411145201 42.4484042991 0.170302151992
0.539867871702 42.4367653123 0.153800326314
0.542096189514 42.4192817897 0.113073483038
0.543431240352 42.4468662223 0.131601021965
0.543944370157 42.5584614995 0.1849390333
0.547700173065 42.5110357159 0.0666102677301
0.554568469373 42.5290382131 0.174174080362
0.555987175189 42.4940561486 0.0911125935815
0.55881619387 42.5191646062 0.152716876268
0.567892255908 42.512013179 0.172254100285
0.569174462443 42.5883294607 0.136650875385
0.569541553519 42.5977371125 0.1540368893
0.575237649646 42.5911088025 0.0790824219707
0.580729079299 42.5899615999 0.15153203752
0.583274216165 42.6522807246 0.0992388470777
0.591876993472 42.6921036448 0.195434444302
0.595840316219 42.7234138298 0.0977435387557
0.608872606654 42.7313989318 0.131701561811
0.61309847166 42.8048746732 0.158120270846
0.613638612911 42.7020303555 0.0783031998137
0.624837647053 42.7957623207 0.107955953034
0.625380636029 42.916130309 0.178569981547
0.627416631197 42.9190295942 0.109524125512
0.630138784205 42.8115507672 0.10991716924
0.630822683165 42.8896485333 0.218500804618
0.6333988311 42.9397608969 0.192252960229
0.634136248128 42.8539977131 0.117999908072
0.638963407445 42.8863604117 0.119229301452
0.640951262923 42.9339136732 0.110944545203
0.6438359672 42.9833806495 0.225054830442
0.647782401459 42.9396693886 0.1972364676
0.659410060174 43.0089725315 0.166586213421
0.660941759203 42.9721422624 0.191796102148
0.669518203495 43.0589076674 0.17503667342
0.669636129668 43.034084344 0.0890161413563
0.670538409476 43.0428564175 0.200536762285
0.670776943381 43.039064269 0.107536059729
0.674940078861 43.0511216549 0.169573159781
0.681999560013 43.1122813609 0.131290235599
0.684355211446 43.0872011109 0.170573365703
0.686364120711 43.0452481797 0.128399303832
0.693615412121 43.1481742688 0.218088897933
0.697488918684 43.1786931384 0.124653864573
0.699917782234 43.1260007062 0.138962854276
0.702682682554 43.2061141048 0.19876243991
0.707495817249 43.2407897697 0.172370865791
0.709733460144 43.2066858526 0.139545019831
0.723352858781 43.2056297146 0.110268313046
0.728404376729 43.2867243487 0.198761187788
0.729057522407 43.2501582995 0.148557691236
0.738572919246 43.2648870634 0.0903235154634
0.749882703203 43.2959425609 0.114205203199
0.750851159251 43.3275667403 0.0918960262715
0.755751696174 43.299613405 0.103137695402
0.757471403661 43.3793928468 0.0767200836276
0.764693860554 43.3939807804 0.163812740264
0.770526075108 43.3808289613 0.157828607031
0.772975638546 43.4094970712 0.186905245957
0.775551871761 43.4150336133 0.107089318971
0.775956738974 43.506433674 0.179375420844
0.777996793151 43.412754491 0.2072911324
0.782750753647 43.3875813556 0.128969664942
0.793057447928 43.4256490972 0.119671916474
0.793069756389 43.4773855479 0.137006803891
0.801694847038 43.5102200319 0.165391976688
0.802302724106 43.53288449 0.0984775083517
0.808599458206 43.5275734837 0.218363114547
0.818269942085 43.5921513929 0.161686385769
0.822401665621 43.5454329215 0.165714959148
0.829304346061 43.6141655724 0.081322021218
0.830174747582 43.5493159715 0.122493954938
0.833733184249 43.6829725804 0.218213671119
0.850146068141 43.6142780483 0.113912451024
0.853850778555 43.6816086174 0.0609525207989
0.857962924404 43.7220427865 0.172899729489
0.864757013782 43.7429153592 0.132766356228
0.868265834167 43.7054123913 0.0672098114078
0.871227826957 43.781110641 0.104319033243
0.876737760229 43.7240063084 0.168528897656
0.876935550951 43.7184374037 0.184543210377
0.877468205509 43.6847809397 0.110373978264
0.880500358302 43.7785262016 0.157494632857
0.887261212448 43.8609143197 0.435445231752
0.892012974473 43.7613399323 0.137852559353
0.897872351164 43.8145710972 0.166445662954
0.900296080245 43.8710860409 0.149479345137
0.9026955543 43.7881314848 0.173148053564
0.910252540623 43.8180374456 0.16202741337
0.911460949527 43.9068972121 0.170821764165
0.913391196099 43.8156255484 0.161330711143
0.918845894543 43.8931249688 0.167340298444
0.92174057644 43.8355181086 0.110214823745
0.925434626937 43.8968013657 0.102701368982
0.928578521926 43.9546985817 0.193709014366
0.929771211338 43.8989603526 0.0481996285251
0.930937270159 43.9033139018 0.0629652582989
0.932329308457 43.9871523515 0.159989352888
0.934639764683 43.9723668024 0.129464311765
0.943754414307 43.9207940162 0.174492676246
0.950298557893 43.9491496405 0.159625014891
0.950410748167 43.9441327224 0.129794047257
0.956862870633 43.947550907 0.16280494122
0.960136398849 44.0476927193 0.215499189878
0.96243240327 43.9138770927 0.0846173408036
0.965087970275 44.0413767442 0.179264805419
0.974980661603 44.0051649701 0.068035843269
0.976241023249 43.963516033 0.110924445484
0.976817680451 44.0081621733 0.136256113625
0.98042262563 44.0112822103 0.100565142621
0.98094667555 44.0544566782 0.124335367884
0.984921493659 44.1274967914 0.0803617432483
0.985339851259 44.0897851674 0.162581583401
0.990170435526 44.0953761925 0.22299478374
0.991350821145 44.0864262643 0.180457454767
0.993079766262 44.1228096082 0.163996454219
1.00260562525 44.0691135162 0.146653782649
1.00765528547 44.1114328834 0.0996279508545
1.01576536837 44.0734941485 0.136872193382
1.01988647446 44.1594908891 0.272297101094
1.02581952977 44.2246547593 0.150628862174
1.02874466231 44.2133651502 0.140696316655
1.03754584731 44.199929446 0.117570444606
1.03841367969 44.2825793699 0.135858485731
1.04735938884 44.2157079558 0.126984474433
1.05346350442 44.320679162 0.220846091752
1.05635434492 44.2512069252 0.100966634465
1.0668011112 44.2774074655 0.213319223874
1.06871321128 44.226854757 0.23312873276
1.07131316561 44.2754503016 0.114272766753
1.07458516387 44.2544267797 0.086013114905
1.07480585616 44.3630315856 0.189023560319
1.07580066813 44.2955285147 0.13711568112
1.07645854695 44.346495062 0.362461855989
1.07972974848 44.312134547 0.145888444786
1.08385290207 44.2755074232 0.168545265758
1.08841401334 44.3505368984 0.195712668951
1.08879606196 44.3295821384 0.144686471567
1.08964868195 44.2989980357 0.135299848066
1.09312812091 44.4121136608 0.189422810041
1.10044141265 44.4036450366 0.100656353987
1.10049612656 44.3118869039 0.105058041779
1.10113394694 44.3390114958 0.151365711202
1.10284715128 44.3598991383 0.318302253258
1.108082258 44.4327608088 0.20708321349
1.10987524818 44.3098345379 0.146722386986
1.11229732657 44.3469166998 0.0948369587202
1.11561221577 44.4227042752 0.182561920428
1.12306808397 44.3938601757 0.144395477763
1.13765421879 44.4569684841 0.160603042768
1.14050691435 44.4266139966 0.131585070993
1.14472765284 44.5806757358 0.224960229474
1.1453653552 44.3960496261 0.0902148731778
1.15384538981 44.4719005724 0.185185047994
1.15823669451 44.4960579914 0.103284205626
1.16796128383 44.5272029614 0.148300236425
1.17731092751 44.5474174458 0.181104769236
1.18456351058 44.6249024601 0.190551553745
1.19187253796 44.5184648587 0.24331651293
1.19323473228 44.6211330912 0.203524831517
1.19791126412 44.5895235452 0.136797812276
1.20344770296 44.6855311077 0.235575252257
1.20362093122 44.6627404629 0.207652351429
1.20437593489 44.6244646067 0.129439413868
1.20547093314 44.6458002453 0.182180473874
1.20950315739 44.5671777628 0.207559897682
1.21245315007 44.59411136 0.216719722013
1.2163427232 44.6839225196 0.0758639736776
1.21845456694 44.5789282069 0.103301494431
1.2237552918 44.6336519227 0.134580956674
1.23314974075 44.5783935662 0.113216835166
1.23691261801 44.6770785265 0.21109971207
1.24113728048 44.6269506515 0.116187202222
1.24704459811 44.6431549258 0.108691081048
1.2514746077 44.7044488923 0.203519500404
1.25340435178 44.6207450191 0.0889665218918
1.2626285285 44.7586617624 0.131384616539
1.27107969646 44.6858101272 0.143787671345
1.27319508412 44.7882397491 0.232121239795
1.27419587343 44.7351773594 0.14312961175
1.27685580978 44.755080599 0.134122272335
1.27871449213 44.6412339573 0.158329968399
1.28051091474 44.7685975632 0.186256280882
1.28220455375 44.7052333397 0.220164864104
1.28323320532 44.7575946398 0.136997003706
1.28596886674 44.7957606982 0.176701755586
1.28929497282 44.8162537691 0.20047929286
1.28952427138 44.7959039381 0.180327637434
1.2941372144 44.725033184 0.168665512155
1.29449698455 44.7751706098 0.256241835442
1.30428286714 44.7711121398 0.100863660494
1.30592717449 44.8101220212 0.145140292446
1.31248235326 44.8418314044 0.135752502657
1.31306776685 44.8136570157 0.111247822957
1.32394796616 44.9342614353 0.141517452362
1.32673667519 44.864831357 0.230429578026
1.32713454367 44.870697591 0.129469054306
1.32881662275 44.8155759193 0.123322473878
1.33685508756 44.8875718131 0.110056303365
1.34143971075 44.9060125368 0.285314233174
1.3432696008 44.8735889862 0.136443799772
1.35038093367 44.8273789362 0.177498390503
1.36483109802 45.0127787307 0.176058010115
1.36484027683 44.9635018149 0.18176928449
1.3818710194 44.9972822783 0.226361423734
1.38578842391 44.9155828098 0.127402603262
1.39204727937 45.0132398163 0.181110315695
1.39918632625 44.9977276372 0.209733152668
1.40777883361 45.0249871531 0.103136322389
1.40972438051 45.0308663284 0.158480417246
1.41333336959 45.0072588018 0.186449142447
1.42234358108 45.0262239018 0.0700898110508
1.42864540278 45.1148285211 0.222952802093
1.43024463529 45.1005193139 0.311431292118
1.43051997082 45.0814988594 0.130717670006
1.43203409059 45.0838022347 0.106391361583
1.4346106352 45.0656920484 0.13692671889
1.44100571823 45.1417855034 0.134676474154
1.4428523852 45.1064375849 0.0975880026302
1.44437960028 45.1466266121 0.170294915588
1.44477146584 45.0872773257 0.210509404102
1.45131780837 45.1094504848 0.139032206478
1.45168469322 45.0465278481 0.165372037214
1.45177081114 45.0147539047 0.291498653832
1.45611208158 44.9898873114 0.163358444286
1.45685397372 45.1002435169 0.23279576323
1.46043889606 45.1271091975 0.192426175187
1.46196678231 45.161933128 0.205700844173
1.46590567683 45.1522068094 0.121772818157
1.47284109867 45.1920031277 0.142961794998
1.47701186182 45.1535944317 0.261576312973
1.48456319871 45.1295023504 0.129899059607
1.48550172045 45.1747695668 0.100829088143
1.50363782563 45.2280836729 0.134775508322
1.5120454548 45.2692201633 0.215347372266
1.51614813379 45.2844316382 0.250479761542
1.51630098246 45.1934403103 0.212672997007
1.51636224767 45.3267143506 0.179348429363
1.51795227231 45.1755584381 0.211580071353
1.52408466494 45.2418074218 0.192062472245
1.529152842 45.2464641689 0.166338124552
1.53429615806 45.2462837522 0.160737069445
1.53463132248 45.362448843 0.346630262401
1.53724106796 45.2725021033 0.190079256124
1.53796540491 45.2457203331 0.0787521095448
1.54278314831 45.2927586599 0.153496370767
1.5439712725 45.2546612806 0.182098385526
1.54682590401 45.2485511082 0.171287016081
1.54989545531 45.2545577241 0.172898460157
1.55359257467 45.2646844137 0.132690890378
1.55938732339 45.2586687318 0.169461380867
1.55985866279 45.2646174954 0.13562562875
1.55989944134 45.3199272876 0.171711141894
1.56258737817 45.3194376965 0.109800074144
1.56272307783 45.2344361609 0.13986381861
1.56823828884 45.3497723008 0.169229406625
1.56835201291 45.304023975 0.279094795562
1.57461201252 45.2591686033 0.0853544407512
1.5768063093 45.3308813946 0.10228762465
1.58419118155 45.3110928957 0.108951424347
1.58694677039 45.3317511951 0.20165276048
1.5875630247 45.3219062374 0.182077014771
1.58982017795 45.3634425808 0.289507869827
1.59634903607 45.2852813266 0.18042194379
1.6016468504 45.3406188555 0.080098138736
1.6038438479 45.3368757647 0.194713759786
1.60871060194 45.4119366215 0.262488940701
1.61242309044 45.4141026433 0.255741680653
1.6258788595 45.2619461789 0.0833969618111
1.64137106959 45.4852095556 0.126850861271
1.64844888384 45.4850804759 0.252367398422
1.65318484568 45.4611583478 0.0529228732249
1.65323177736 45.3908518653 0.163504408904
1.65418958245 45.3909262031 0.166674285499
1.65504911005 45.4695036712 0.194545866988
1.65667847322 45.4347298463 0.205585597254
1.66091015519 45.4422936174 0.116057696201
1.66164479734 45.4278640497 0.118038084279
1.67708459794 45.4847988446 0.319134212372
1.67919511938 45.5125652454 0.281649473585
1.68991403463 45.5469017305 0.2303789537
1.69974959724 45.4219548271 0.155497726018
1.70012721608 45.5317423608 0.134495821742
1.70159180881 45.5490092979 0.175530154987
1.70399775927 45.5606794907 0.197533434221
1.7078726534 45.4592201067 0.158749430078
1.7103113343 45.4747062288 0.0647727192958
1.71715718342 45.4842205616 0.143479002816
1.72145183031 45.5560140326 0.248702886896
1.72308880833 45.5662877879 0.249297436585
1.72424608869 45.5848870327 0.236801113166
1.73330460959 45.5476993715 0.161613125803
1.73707175622 45.5819252095 0.100201977131
1.73904758093 45.5233180239 0.0530429823293
1.74225119589 45.5531736278 0.115950215635
1.74495499438 45.6672807821 0.117585239557
1.7489486644 45.5470393616 0.18494117902
1.75217896975 45.6295972237 0.175140680739
1.75321800891 45.5400410901 0.154576216968
1.75891306262 45.6923049556 0.330048032433
1.76952908724 45.6623906818 0.146717357335
1.77318289279 45.6991749441 0.16177997074
1.77681461979 45.6838385596 0.152723835022
1.778427295 45.6773282365 0.162594221652
1.80060696417 45.6754569615 0.127388608239
1.8039279394 45.6944969082 0.290386976805
1.8052948859 45.6048378117 0.174224847115
1.80688403242 45.7646672199 0.178261515397
1.81357190739 45.6754311667 0.206028772186
1.81425653654 45.564593266 0.106670323613
1.81434449055 45.7160065239 0.149291554843
1.81442643254 45.6305160819 0.197105689148
1.81555832488 45.6956061425 0.158720136731
1.81801234839 45.6685258334 0.124721069436
1.82214349675 45.7860356652 0.246027293585
1.82333830811 45.650905527 0.192945231325
1.82508729133 45.811247661 0.207729318929
1.82881125902 45.6937630656 0.204251657018
1.828962366 45.7195713085 0.111938913656
1.83138109481 45.7304194537 0.189542149855
1.83436766439 45.7304743893 0.17847850021
1.83892806119 45.7675290716 0.163734240978
1.84063841569 45.7026740807 0.0989664882902
1.84403275223 45.7004987864 0.161069683276
1.84913640003 45.8463925491 0.206659140757
1.84926221405 45.7301689029 0.159896603559
1.85101587306 45.7594392287 0.0733792552543
1.85455786978 45.7325051043 0.143217297378
1.85857857341 45.7483578732 0.163484976155
1.8652053424 45.8512812984 0.23393223977
1.87419440806 45.7774080896 0.134193540867
1.8761551518 45.8224232108 0.23539502744
1.87954001841 45.7289078134 0.154058993191
1.88007160709 45.729706872 0.0732799370125
1.89096621433 45.9403084899 0.277540734714
1.89104693591 45.7393727864 0.238320020707
1.89939652927 45.8160084639 0.255235087933
1.90068048338 45.7813745063 0.0993701485584
1.90082075827 45.8757025141 0.190697661561
1.90329615276 45.8739675545 0.215244634479
1.90967538198 45.8296127944 0.186940694836
1.91209256792 45.8129411934 0.141544402231
1.91268910409 45.7724284047 0.0754150960302
1.91529394339 45.8309528843 0.170549731114
1.91932710636 45.8964198419 0.227553279456
1.92091492757 45.8238912376 0.206672631417
1.93259407477 45.8367362227 0.210926234371
1.93307677946 45.7654367436 0.147727785805
1.93341695084 45.9297022096 0.289604390793
1.93546403966 45.8052202978 0.108397505857
1.97189061044 45.8811371418 0.479118452084
1.97411674331 45.905982279 0.163576069637
1.97702633466 45.8082425216 0.175483015938
1.97936015997 45.9291876585 0.168847290806
1.98225737338 46.0229929535 0.240205955484
1.98286925735 45.9057450478 0.228156450778
1.98468694394 45.8580905547 0.154804008598
1.99184976092 45.9600860165 0.189470153185
1.99208771423 45.9985399331 0.235994214613
1.99358232116 46.045451904 0.375504594414
