0.0 0.0019524342591 0.000976217129549
0.0408163265306 0.0022013987106 0.00112293795246
0.0816326530612 0.00247067595298 0.00128477088846
0.122448979592 0.00276106256626 0.00146261343047
0.163265306122 0.00307335513047 0.00165738017113
0.204081632653 0.00340835022567 0.00187000248879
0.244897959184 0.00376684443186 0.00210142825023
0.285714285714 0.0041496343291 0.00235262152857
0.326530612245 0.00455751649742 0.00262456233531
0.367346938776 0.00499128751684 0.00291824636509
0.408163265306 0.00545174396741 0.00323468475244
0.448979591837 0.00593968242916 0.00357490383951
0.489795918367 0.00645589948212 0.0039399449539
0.530612244898 0.00700119170632 0.00433086419603
0.571428571429 0.00757635568181 0.00474873223529
0.612244897959 0.00818218798861 0.00519463411441
0.65306122449 0.00881948520675 0.00566966906148
0.69387755102 0.00948904391628 0.00617495030921
0.734693877551 0.0101916606972 0.00671160492084
0.775510204082 0.0109281321296 0.00728077362252
0.816326530612 0.0116992547935 0.00788361064151
0.857142857143 0.0125058252689 0.00852128355007
0.897959183673 0.0133486401359 0.00919497311461
0.938775510204 0.0142284959744 0.0099058731499
0.979591836735 0.0151461893646 0.0106551903779
1.02040816327 0.0161025168864 0.0114441442913
1.0612244898 0.0170982751199 0.0122739670208
1.10204081633 0.0181342606452 0.0131459032072
1.14285714286 0.0192112700421 0.0140612098767
1.18367346939 0.0203300998909 0.0150211563199
1.22448979592 0.0214915467715 0.0160270239747
1.26530612245 0.022696407264 0.017080106312
1.30612244898 0.0239454779484 0.0181817087248
1.34693877551 0.0252395554047 0.0193331484204
1.38775510204 0.0265794362129 0.0205357543154
1.42857142857 0.0279659169532 0.0217908669332
1.4693877551 0.0293997942055 0.0230998383043
1.51020408163 0.0308818645499 0.0244640318697
1.55102040816 0.0324129245663 0.0258848223857
1.59183673469 0.0339937708349 0.0273635958314
1.63265306122 0.0356251999357 0.0289017493193
1.67346938776 0.0373080084486 0.0305006910064
1.71428571429 0.0390429929538 0.0321618400088
1.75510204082 0.0408309500313 0.0338866263173
1.79591836735 0.042672676261 0.0356764907159
1.83673469388 0.0445689682231 0.0375328847009
1.87755102041 0.0465206224976 0.0394572704028
1.91836734694 0.0485284356645 0.0414511205094
1.95918367347 0.0505932043038 0.0435159181906
2.0 0.0527157249957 0.0456531570251
