0.0 0.0019524342591 0.000976217129549
0.0423728813559 0.00221129015285 0.00112882673945
0.0847457627119 0.00249207039871 0.00129775972518
0.127118644068 0.00279566623049 0.00148402132507
0.169491525424 0.00312296888203 0.00168863661035
0.21186440678 0.00347486958714 0.00191265010855
0.254237288136 0.00385225957965 0.00215712544749
0.296610169492 0.00425603009339 0.00242314501822
0.338983050847 0.00468707236218 0.00271180965513
0.381355932203 0.00514627761984 0.00302423833194
0.423728813559 0.00563453710021 0.00336156787221
0.466101694915 0.00615274203711 0.00372495267332
0.508474576271 0.00670178366436 0.00411556444286
0.550847457627 0.00728255321579 0.00453459194653
0.593220338983 0.00789594192522 0.00498324076676
0.635593220339 0.00854284102647 0.0054627330713
0.677966101695 0.00922414175339 0.00597430739109
0.720338983051 0.00994073533978 0.00651921840687
0.762711864407 0.0106935130195 0.00709873674384
0.805084745763 0.0114833660263 0.00771414877407
0.847457627119 0.0123111855941 0.00836675642601
0.889830508475 0.0131778629566 0.00905787700076
0.932203389831 0.0140842893478 0.00978884299471
0.974576271186 0.0150313560014 0.0105610019282
1.01694915254 0.0160199541512 0.0113757161797
1.0593220339 0.0170509750312 0.0122343628258
1.10169491525 0.018125309875 0.0131383334856
1.14406779661 0.0192438499166 0.0140890341706
1.18644067797 0.0204074863897 0.0150878851384
1.22881355932 0.0216171105282 0.0161363207518
1.27118644068 0.0228736135659 0.0172357893411
1.31355932203 0.0241778867367 0.0183877530704
1.35593220339 0.0255308212743 0.0195936878084
1.39830508475 0.0269333084125 0.0208550830023
1.4406779661 0.0283862393853 0.0221734415545
1.48305084746 0.0298905054265 0.023550279704
1.52542372881 0.0314469977697 0.0249871269095
1.56779661017 0.033056607649 0.0264855257363
1.61016949153 0.0347202262981 0.0280470317461
1.65254237288 0.0364387449508 0.0296732133889
1.69491525424 0.0382130548409 0.0313656518982
1.73728813559 0.0400440472024 0.0331259411884
1.77966101695 0.041932613269 0.0349556877548
1.82203389831 0.0438796442744 0.0368565105755
1.86440677966 0.0458860314527 0.0388300410164
1.90677966102 0.0479526660375 0.0408779227374
1.94915254237 0.0500804392628 0.0430018116013
1.99152542373 0.0522702423623 0.0452033755846
2.03389830508 0.0545229665698 0.0474842946899
2.07627118644 0.0568395031192 0.0498462608607
2.1186440678 0.0592207432444 0.0522909778975
2.16101694915 0.0616675781791 0.0548201613759
2.20338983051 0.0641808991571 0.0574355385665
2.24576271186 0.0667615974123 0.0601388483559
2.28813559322 0.0694105641786 0.06293184117
2.33050847458 0.0721286906897 0.0658162788982
2.37288135593 0.0749168681794 0.0687939348191
2.41525423729 0.0777759878816 0.0718665935284
2.45762711864 0.0807069410302 0.0750360508669
2.5 0.0837106188588 0.0783041138511
