0.09 0.2301564 0.0400272
0.17 0.2768548 0.0266848
0.179 0.25017 0.0133424
0.199 0.25017 0.016678
0.27 0.2568412 0.0466984
0.333333333333 0.277375112037 0.01
0.352 0.2768548 0.0466984
0.4 0.316882 0.0567052
0.414733333333 0.290654893884 0.0101141821774
0.48 0.3235532 0.2068072
0.499833333333 0.305533883408 0.0102455103999
0.593 0.3469024 0.0433628
0.603433333333 0.324953434742 0.0104235863842
0.68 0.3068752 0.0266848
0.721833333333 0.348800934203 0.0106539807098
0.781 0.350238 0.0400272
0.851333333333 0.376767821944 0.0109418892495
0.875 0.41695 0.0567052
0.88 0.300204 0.133424
1.00303333333 0.411843734229 0.0113310949558
1.037 0.5136824 0.066712
1.18803333333 0.457716955213 0.0118880216931
1.3 0.5603808 0.0567052
1.363 0.5337 0.1121
1.41373333333 0.517864981828 0.0127002090974
1.43 0.5904012 0.0600408
1.53 0.466984 0.0466984
1.68383333333 0.595285998161 0.0138798642604
1.75 0.6737912 0.133424
1.965 0.6221 0.1681
2.02793333333 0.70160332422 0.0157379282836
2.40533333333 0.827090326328 0.0182706371553
