0.0 0.0 0.001
0.0408163265306 0.0 0.00120928023972
0.0816326530612 0.0 0.00145170709863
0.122448979592 0.0 0.00173097738919
0.163265306122 0.0 0.00205104025557
0.204081632653 0.0 0.00241610428274
0.244897959184 0.0 0.0028306445412
0.285714285714 0.0 0.00329940957017
0.326530612245 0.0 0.00382742830176
0.367346938776 0.0 0.0044200169286
0.408163265306 0.0 0.00508278571717
0.448979591837 0.0 0.00582164576884
0.489795918367 0.0 0.00664281573069
0.530612244898 0.0 0.00755282845776
0.571428571429 0.0 0.00855853762861
0.612244897959 0.0 0.00966712431562
0.65306122449 0.0 0.0108861035117
0.69387755102 0.0 0.0122233306148
0.734693877551 0.0 0.013687007871
0.775510204082 0.0 0.015285690779
0.816326530612 0.0 0.0170282944547
0.857142857143 0.0 0.0189240999599
0.897959183673 0.0 0.0209827605933
0.938775510204 0.0 0.0232143081477
0.979591836735 0.0 0.0256291591317
1.02040816327 0.0 0.0282381209585
1.0612244898 0.0 0.0310523981025
1.10204081633 0.0 0.0340835982236
1.14285714286 0.0 0.0373437382613
1.18367346939 0.0 0.040845250498
1.22448979592 0.0 0.0446009885939
1.26530612245 0.0 0.0486242335919
1.30612244898 0.0 0.0529286998958
1.34693877551 0.0 0.0575285412202
1.38775510204 0.0 0.0624383565145
1.42857142857 0.0 0.0676731958596
1.4693877551 0.0 0.0732485663403
1.51020408163 0.0 0.0791804378916
1.55102040816 0.0 0.0854852491212
1.59183673469 0.0 0.0921799131075
1.63265306122 0.0 0.0992818231744
1.67346938776 0.0 0.106808858643
1.71428571429 0.0 0.11477939056
1.75510204082 0.0 0.123212287405
1.79591836735 0.0 0.132126920777
1.83673469388 0.0 0.141543171055
1.87755102041 0.0 0.151481433044
1.91836734694 0.0 0.161962621594
1.95918367347 0.0 0.173008177207
2.0 0.0 0.184640071613
