1.499999999999999944e-02 3.416350388610000266e+01 1.614528565489999901e-01
1.499999999999999944e-02 3.411141096429999919e+01 2.133888699769999897e-01
1.499999999999999944e-02 3.437977280470000352e+01 2.173485347009999902e-01
1.502704276320000060e-02 3.395019150230000093e+01 1.781170240830000084e-01
1.510000000000000057e-02 3.452587528810000350e+01 2.136821605310000038e-01
1.516600000000000066e-02 3.410166661520000275e+01 2.152393407319999896e-01
1.519999999999999997e-02 3.401690429890000189e+01 2.150712311699999879e-01
1.519999999999999997e-02 3.425836979390000181e+01 2.414748622590000005e-01
1.529999999999999936e-02 3.470718572890000075e+01 2.132428960739999879e-01
1.543630000000000002e-02 3.394094839710000144e+01 1.486941096480000057e-01
1.600000000000000033e-02 3.382460888800000021e+01 2.079597031850000111e-01
1.600000000000000033e-02 3.417401539379999775e+01 2.211153746879999937e-01
1.629999999999999852e-02 3.445325291200000350e+01 2.128910427169999897e-01
1.632099999999999870e-02 3.401742111410000291e+01 2.049650742680000082e-01
1.634564100000000103e-02 3.404402777520000001e+01 1.429129313639999899e-01
1.644999999999999934e-02 3.418129628580000201e+01 2.508965602480000001e-01
1.655900000000000080e-02 3.434383380709999756e+01 2.511774964910000185e-01
1.672999999999999834e-02 3.422633716920000069e+01 2.094646703109999952e-01
1.674300000000000094e-02 3.400272780259999905e+01 2.483851255260000057e-01
1.699099999999999916e-02 3.437877180729999793e+01 3.098898109730000017e-01
1.717300000000000076e-02 3.426067145729999908e+01 2.482160093649999899e-01
1.722699999999999926e-02 3.465436995030000134e+01 1.993371795589999884e-01
1.729999999999999941e-02 3.423006604460000091e+01 2.209944740030000132e-01
1.729999999999999941e-02 3.424973479850000047e+01 2.155084996240000106e-01
1.760499999999999912e-02 3.434379569570000257e+01 2.716506448189999756e-01
1.793128336260000136e-02 3.434982000269999958e+01 1.554139405739999868e-01
1.831523203619999859e-02 3.437175489959999908e+01 1.604649264059999914e-01
1.870000000000000134e-02 3.504829984719999914e+01 1.971967892139999956e-01
1.890000000000000013e-02 3.437470165989999771e+01 2.095716301960000028e-01
1.919999999999999832e-02 3.449156233320000098e+01 1.970916479429999923e-01
1.919999999999999832e-02 3.473667845140000310e+01 1.978428812649999924e-01
1.926399999999999987e-02 3.495261373190000143e+01 2.406338169499999957e-01
1.949999999999999997e-02 3.475691168000000175e+01 1.975261880929999880e-01
1.959899999999999837e-02 3.458521743120000025e+01 1.846912196870000022e-01
2.037472452989999919e-02 3.465644384729999672e+01 1.456033499440000101e-01
2.050000000000000086e-02 3.461728006949999781e+01 1.914127434439999997e-01
2.079999999999999905e-02 3.479545636569999800e+01 2.016294054009999948e-01
2.089999999999999844e-02 3.470289849950000161e+01 1.942269351500000019e-01
2.110000000000000070e-02 3.466071824259999801e+01 1.883933676690000003e-01
2.120000000000000009e-02 3.484713453130000005e+01 1.915297221099999947e-01
2.149999999999999828e-02 3.493273632820000074e+01 1.870408179649999947e-01
2.179299999999999987e-02 3.497378687119999796e+01 2.324493829540000001e-01
2.189999999999999933e-02 3.484899048079999773e+01 1.883871842640000016e-01
2.198000591460000028e-02 3.485297335740000335e+01 1.875447643579999935e-01
2.210000000000000159e-02 3.492212910180000307e+01 1.890147562950000026e-01
2.210000000000000159e-02 3.491154975820000317e+01 1.899606828390000002e-01
2.239999999999999977e-02 3.494708720220000231e+01 2.390113692580000115e-01
2.290000000000000022e-02 3.513862607019999729e+01 1.830180399490000109e-01
2.290000000000000022e-02 3.519686716769999890e+01 1.854590752639999895e-01
2.297116757819999897e-02 3.513388295099999681e+01 1.356409260410000039e-01
2.299999999999999961e-02 3.507064250479999856e+01 1.868483849789999984e-01
2.320799999999999946e-02 3.508554271740000274e+01 2.314796048330000078e-01
2.330000000000000127e-02 3.519835741949999885e+01 1.857385754560000046e-01
2.330000000000000127e-02 3.488212867450000232e+01 1.834246850880000002e-01
2.353600000000000136e-02 3.516959908879999830e+01 2.346982016289999862e-01
2.390000000000000110e-02 3.503497414360000306e+01 1.813924172080000063e-01
2.395299999999999860e-02 3.496871037750000255e+01 1.070411971950000068e-01
2.400000000000000050e-02 3.517618577940000080e+01 1.955126744360000113e-01
2.418529908019999980e-02 3.505232427499999659e+01 1.333686221179999909e-01
2.419999999999999929e-02 3.518938058290000015e+01 1.801749163430000078e-01
2.431399999999999881e-02 3.510949506450000257e+01 1.816627063069999881e-01
2.452500000000000166e-02 3.505817066489999689e+01 1.024385043450000005e-01
2.469999999999999973e-02 3.491369282769999671e+01 1.816210115980000095e-01
2.479999999999999913e-02 3.525617750840000042e+01 1.846053027959999870e-01
2.489999999999999852e-02 3.480370707659999852e+01 1.935239241649999997e-01
2.510000000000000078e-02 3.494827523669999891e+01 1.792227003359999904e-01
2.549999999999999836e-02 3.572017313589999787e+01 1.961673021120000082e-01
2.560000000000000123e-02 3.568472179319999782e+01 1.861738919689999994e-01
2.589999999999999941e-02 3.541596869010000148e+01 1.784896588229999970e-01
2.599999999999999881e-02 3.538129322759999695e+01 1.839336651169999892e-01
2.603799999999999865e-02 3.536726206819999874e+01 1.084997921590000053e-01
2.610000000000000167e-02 3.536041778730000118e+01 1.924695617140000092e-01
2.648899999999999866e-02 3.548068519929999809e+01 1.913122697400000127e-01
2.659999999999999865e-02 3.532349358969999997e+01 1.777168364280000135e-01
2.680919748050000079e-02 3.526015053950000322e+01 1.278795957030000041e-01
2.734200000000000172e-02 3.508576569299999903e+01 1.755108359470000101e-01
2.750000000000000014e-02 3.564970590819999785e+01 1.763646889580000043e-01
2.756872591090000005e-02 3.547547181320000220e+01 1.281179830879999870e-01
2.769999999999999893e-02 3.570500377260000135e+01 1.832987350510000002e-01
2.786500000000000088e-02 3.509337832829999826e+01 2.224264166340000071e-01
2.829999999999999877e-02 3.552026995420000333e+01 1.801244458379999969e-01
2.839602681160000031e-02 3.554814846939999740e+01 1.251988817190000103e-01
2.848799999999999943e-02 3.534658339279999950e+01 2.239059329979999902e-01
2.920000000000000026e-02 3.599256678460000103e+01 1.748201076349999994e-01
2.980213690100000021e-02 3.547092171039999897e+01 1.222268178739999989e-01
2.995499999999999899e-02 3.597225782750000178e+01 2.243685517679999963e-01
3.030000000000000054e-02 3.562826134689999691e+01 1.767473862600000001e-01
3.052900000000000058e-02 3.559924571860000242e+01 8.875066370900000501e-02
3.060399999999999926e-02 3.555023775939999808e+01 1.732954441419999880e-01
3.080000000000000099e-02 3.562898080819999791e+01 1.783704443180000043e-01
3.080000000000000099e-02 3.559350422229999822e+01 1.724930844229999871e-01
3.080000000000000099e-02 3.577913624440000007e+01 1.733100045959999891e-01
3.090000000000000038e-02 3.592947288010000051e+01 1.836892962620000069e-01
3.119999999999999857e-02 3.588285856219999914e+01 1.737624630240000023e-01
3.119999999999999857e-02 3.562680976459999727e+01 1.802166974190000104e-01
3.150000000000000022e-02 3.565113634299999745e+01 1.709935237449999867e-01
3.152800000000000047e-02 3.572876877640000259e+01 2.253624888449999863e-01
3.200000000000000067e-02 3.582669134190000193e+01 1.931046916620000053e-01
3.200000000000000067e-02 3.558849732409999689e+01 1.734463109359999922e-01
3.209999999999999659e-02 3.587036183419999702e+01 1.737410077000000053e-01
3.209999999999999659e-02 3.564807683349999934e+01 1.750254227389999861e-01
3.209999999999999659e-02 3.589599457220000289e+01 1.738451598319999958e-01
3.213401686140000130e-02 3.537812788530000319e+01 1.275120901160000098e-01
3.250000000000000111e-02 3.581309141509999705e+01 1.703947358959999880e-01
3.269999999999999990e-02 3.609416721329999689e+01 1.694923050400000131e-01
3.289999999999999869e-02 3.594176854279999844e+01 1.703931758960000042e-01
3.291237108810000228e-02 3.596785201729999670e+01 1.181143241209999944e-01
3.339999999999999913e-02 3.587994030149999958e+01 1.757727333999999919e-01
3.350000000000000200e-02 3.597383253929999825e+01 1.704902516129999934e-01
3.359999999999999792e-02 3.600539455069999661e+01 1.885204736299999906e-01
3.370000000000000079e-02 3.584369331589999774e+01 1.797374535969999965e-01
3.409999999999999837e-02 3.594254084130000138e+01 1.728345915420000101e-01
3.409999999999999837e-02 3.584190469810000224e+01 1.752224617070000101e-01
3.409999999999999837e-02 3.577047476399999937e+01 1.775691407960000023e-01
3.450000000000000289e-02 3.597824448419999754e+01 2.115624742489999877e-01
3.572000000000000175e-02 3.596054064070000322e+01 1.711869873630000038e-01
3.599999999999999728e-02 3.582101709570000025e+01 1.678852495410000090e-01
3.599999999999999728e-02 3.567925968200000142e+01 1.790221224059999894e-01
3.599999999999999728e-02 3.614629886099999823e+01 1.770003639649999905e-01
3.620000000000000301e-02 3.598687059979999958e+01 1.717422040680000039e-01
3.645700000000000329e-02 3.613423312559999800e+01 2.176285883819999989e-01
3.647999999999999854e-02 3.590532196520000241e+01 1.701749528450000049e-01
3.660000000000000059e-02 3.597129065389999880e+01 1.689636879470000075e-01
3.769999999999999740e-02 3.579521443250000345e+01 2.941065606120000231e-01
3.930000000000000160e-02 3.633439501489999657e+01 9.910052838249999718e-02
4.019999999999999962e-02 3.637453307850000073e+01 1.706373495799999862e-01
4.059999999999999720e-02 3.636563512570000256e+01 1.723173448410000030e-01
4.209999999999999853e-02 3.640046502749999746e+01 1.699304174709999893e-01
4.223299999999999971e-02 3.633645954829999880e+01 1.671740423380000118e-01
4.229999999999999732e-02 3.639282589599999795e+01 1.715821967020000061e-01
4.250000000000000305e-02 3.592810181389999968e+01 1.952960130780000136e-01
4.371891148950000222e-02 3.638656601579999972e+01 1.272142925289999893e-01
4.497667261129999899e-02 3.655039541579999707e+01 1.083425472250000021e-01
4.529500000000000193e-02 3.664027217560000338e+01 1.649812486439999892e-01
4.696733461560000100e-02 3.649441344649999763e+01 1.103091421719999965e-01
4.839219539540000337e-02 3.668583438240000305e+01 1.192156282140000023e-01
4.881800000000000028e-02 3.638201077610000311e+01 1.602992650660000074e-01
4.894799999999999846e-02 3.673159739870000351e+01 1.725476187309999965e-01
4.909999999999999781e-02 3.673013588210000080e+01 1.758432231640000010e-01
4.992200000000000110e-02 3.656697347059999714e+01 1.623038196269999955e-01
5.004299999999999721e-02 3.668236791540000041e+01 1.668288514129999955e-01
5.220000000000000334e-02 3.667431460939999965e+01 1.891178030029999901e-01
5.292600000000000082e-02 3.681769125449999791e+01 1.557559148000000060e-01
5.371000000000000080e-02 3.647643849490000179e+01 2.217002605520000114e-01
5.439999999999999697e-02 3.695443541049999681e+01 8.609535252859999710e-02
5.460000000000000270e-02 3.660955851460000332e+01 1.766551810889999963e-01
5.668336707519999740e-02 3.696362306710000212e+01 1.100709379389999965e-01
5.759999999999999842e-02 3.708025665710000141e+01 1.618526722209999991e-01
5.829999999999999766e-02 3.703263016710000244e+01 2.062566693690000008e-01
5.829999999999999766e-02 3.705828814939999916e+01 1.680896813799999945e-01
5.890000000000000097e-02 3.711164751310000298e+01 1.656823507799999873e-01
6.183576469379999802e-02 3.713099448060000185e+01 1.156800713419999932e-01
6.266800000000000148e-02 3.748340935049999700e+01 1.560994347390000092e-01
6.386408369639999527e-02 3.731594161209999783e+01 1.196149651620000004e-01
6.429999999999999605e-02 3.717550221789999654e+01 1.660080100740000120e-01
6.510000000000000508e-02 3.730669079759999818e+01 1.628085843379999953e-01
6.644031234019999455e-02 3.737210505480000222e+01 1.175824013999999945e-01
6.840000000000000246e-02 3.773119698450000215e+01 1.705916431320000093e-01
6.880000000000000004e-02 3.748663564659999992e+01 1.980258087690000002e-01
6.900000000000000577e-02 3.756604797800000028e+01 1.761636398950000015e-01
7.008599999999999552e-02 3.744673654239999649e+01 1.584669344330000007e-01
7.460500000000000465e-02 3.758811575650000236e+01 1.597708645600000033e-01
7.535011198150000367e-02 3.758008991679999866e+01 1.022746729690000023e-01
7.839999999999999747e-02 3.768224045339999861e+01 8.721680463360000080e-02
7.857699999999999407e-02 3.748816226070000113e+01 1.556356561849999987e-01
8.004814400210000236e-02 3.768570933529999678e+01 1.019684921440000003e-01
8.429999999999999993e-02 3.805183112080000285e+01 2.002536452270000100e-01
8.568945936069999325e-02 3.799741340610000151e+01 1.163652800479999944e-01
8.569611706520000038e-02 3.799379171070000183e+01 1.179712378720000066e-01
8.585464414370000408e-02 3.795244412120000277e+01 1.125898532880000025e-01
8.758900000000000019e-02 3.822905704939999794e+01 1.877456792720000045e-01
8.901942929389999870e-02 3.782845292860000086e+01 1.174327054459999992e-01
9.293681819969999702e-02 3.814583004039999992e+01 1.189503559539999977e-01
9.314940268549999625e-02 3.828091372499999778e+01 1.144538300190000024e-01
9.390863189049999948e-02 3.817282051410000321e+01 1.179529061159999975e-01
1.009150000000000047e-01 3.845674559540000104e+01 1.673334816769999900e-01
1.027150339350000052e-01 3.848725958880000064e+01 1.198925084209999936e-01
1.067123401030000002e-01 3.863666690130000347e+01 1.176214292849999954e-01
1.086382655239999939e-01 3.865050019790000135e+01 1.194896548569999994e-01
1.130426446370000060e-01 3.855145412760000312e+01 1.192374377170000027e-01
1.147126208700000038e-01 3.866909511600000116e+01 1.133723284280000049e-01
1.163485025989999949e-01 3.874613816509999964e+01 1.122961171349999981e-01
1.172773628889999947e-01 3.874593382479999804e+01 1.137025961539999963e-01
1.176253287640000034e-01 3.857941850809999806e+01 1.136099628360000002e-01
1.196715380060000000e-01 3.875553811780000046e+01 1.107400336340000069e-01
1.228288999700000023e-01 3.879978970079999812e+01 1.210654391299999938e-01
1.241000000000000020e-01 3.882203339579999835e+01 1.116142465620000024e-01
1.242735287719999998e-01 3.871998690099999862e+01 1.111348588759999978e-01
1.243999999999999967e-01 3.904478851119999661e+01 1.642686875050000106e-01
1.264731619009999974e-01 3.871046917609999838e+01 1.192007946490000053e-01
1.266879890900000083e-01 3.891520843219999648e+01 1.239373080709999936e-01
1.287267354670000030e-01 3.886422530680000165e+01 1.095133402570000053e-01
1.292782066339999980e-01 3.891800094890000139e+01 1.344026156260000049e-01
1.298999999999999877e-01 3.897918546900000081e+01 1.294449515499999925e-01
1.417879991260000139e-01 3.927381133290000292e+01 1.195219826930000034e-01
1.424046523999999980e-01 3.911647725110000096e+01 1.136611939859999976e-01
1.437059069999999938e-01 3.918577065440000240e+01 1.163119675470000031e-01
1.441000000000000059e-01 3.883604229849999712e+01 1.567774918350000046e-01
1.446210859719999908e-01 3.929082977299999868e+01 1.127270244870000049e-01
1.456685472610000087e-01 3.905671570300000184e+01 1.257501262490000049e-01
1.462902960680000086e-01 3.955900954879999887e+01 1.202487354740000014e-01
1.470251382680000107e-01 3.930358396679999800e+01 1.116572967379999975e-01
1.518578946649999928e-01 3.915578835899999888e+01 1.138473119380000037e-01
1.546320972390000104e-01 3.932395022949999941e+01 1.120473936670000059e-01
1.552473282210000138e-01 3.931732040589999855e+01 1.154157558649999971e-01
1.560999999999999888e-01 3.922925402220000279e+01 8.414412367260000469e-02
1.590000000000000024e-01 3.941636409529999696e+01 2.426280078120000017e-01
1.598899377480000050e-01 3.935058452620000224e+01 1.147470577690000021e-01
1.608618546360000012e-01 3.931917588919999673e+01 1.186448998099999957e-01
1.637958949870000069e-01 3.939456306080000303e+01 1.131348723070000062e-01
1.706283967489999887e-01 3.947490011600000059e+01 1.163766252670000029e-01
1.719999999999999862e-01 3.930222600630000329e+01 4.297091206349999970e-01
1.727422305559999927e-01 3.950293614209999760e+01 1.134580159159999935e-01
1.739100565660000042e-01 3.953194110529999961e+01 1.289677758149999909e-01
1.776006949770000121e-01 4.007067585099999718e+01 1.248141550299999986e-01
1.779999999999999916e-01 3.945479082100000312e+01 2.357460480949999937e-01
1.796856407699999880e-01 3.972095994509999883e+01 1.169848803419999972e-01
1.799999999999999933e-01 4.018951731610000166e+01 4.454475608669999920e-01
1.801197799679999934e-01 3.963857770349999754e+01 1.155602547179999939e-01
1.809999999999999942e-01 3.968288851719999855e+01 2.270885143539999873e-01
1.822182395599999949e-01 3.959381884380000116e+01 1.193344637039999989e-01
1.825489133969999955e-01 3.978402156340000317e+01 1.140831369739999934e-01
1.835684048769999910e-01 3.971079580330000169e+01 1.237757347420000015e-01
1.858124467099999955e-01 3.982409758440000047e+01 1.206677574810000042e-01
1.859999999999999987e-01 3.971216792540000284e+01 1.890431394869999948e-01
1.888531753869999996e-01 3.979203748620000169e+01 1.197418605050000057e-01
1.897065669509999941e-01 3.993956251089999654e+01 1.196827922289999957e-01
1.921499800439999961e-01 4.003921787819999878e+01 1.210874432020000030e-01
1.943165121419999919e-01 3.996152004150000181e+01 1.263738449229999949e-01
1.967160685790000085e-01 3.992441737869999940e+01 1.349831535980000052e-01
2.006117199280000041e-01 3.985239182189999951e+01 1.328673643839999863e-01
2.026086798969999880e-01 3.996775925539999719e+01 1.288073311269999910e-01
2.049796853489999904e-01 4.002450023459999784e+01 1.235269429370000061e-01
2.049999999999999878e-01 3.990376943470000271e+01 2.172720037850000008e-01
2.109383950610000114e-01 3.998393773400000129e+01 1.208187705769999953e-01
2.115869814999999932e-01 4.056032369239999724e+01 1.593247338850000139e-01
2.116295984930000040e-01 3.998010475089999716e+01 1.152351807149999963e-01
2.125487650940000028e-01 4.008759327730000166e+01 1.315769628100000033e-01
2.129999999999999949e-01 4.010904120299999676e+01 2.233526109500000023e-01
2.145682586579999995e-01 4.020184966589999931e+01 1.169874457800000045e-01
2.149999999999999967e-01 4.037805767319999717e+01 1.939339977669999882e-01
2.155433209529999949e-01 4.029652942359999912e+01 1.402076573419999972e-01
2.159999999999999976e-01 4.040490894330000060e+01 2.152117747700000028e-01
2.159999999999999976e-01 4.055604659849999649e+01 2.440998606550000005e-01
2.165828219539999988e-01 4.036027170309999690e+01 1.524798389329999893e-01
2.179999999999999993e-01 4.007540742119999777e+01 2.222227378230000050e-01
2.183474454029999956e-01 4.022084983770000122e+01 1.244215029530000016e-01
2.185851890409999942e-01 4.019909745670000234e+01 1.171139509530000067e-01
2.285284738810000049e-01 4.025443363859999835e+01 1.220113713200000061e-01
2.327811071820000133e-01 4.020452909029999944e+01 1.517883678399999936e-01
2.389999999999999902e-01 4.025912877990000283e+01 2.041679296749999983e-01
2.399999999999999911e-01 4.074219158150000197e+01 4.028441598729999851e-01
2.425046804759999897e-01 4.013044655369999703e+01 1.509150566630000079e-01
2.443788767969999887e-01 4.020193039379999789e+01 1.243099006980000060e-01
2.485081306759999997e-01 4.027217468380000298e+01 1.256455893279999902e-01
2.485999999999999877e-01 4.061118534290000071e+01 1.545159553849999867e-01
2.495110547920000033e-01 4.078092433279999796e+01 1.323230474659999878e-01
2.506676311100000110e-01 4.074560302639999776e+01 1.209709596609999938e-01
2.517401864239999787e-01 4.054172175989999971e+01 1.184401106819999994e-01
2.524860600289999812e-01 4.051842108009999777e+01 1.450501956689999872e-01
2.554906200220000145e-01 4.048594462610000022e+01 1.509673732779999999e-01
2.564757427250000110e-01 4.061084390029999724e+01 1.562862253910000110e-01
2.574978882969999883e-01 4.059416459349999684e+01 1.313935913189999971e-01
2.577403035090000127e-01 4.065147839570000343e+01 1.358910557809999975e-01
2.580282705620000061e-01 4.064467886669999785e+01 1.371084987819999879e-01
2.600000000000000089e-01 4.082336577089999707e+01 1.998517359710000052e-01
2.605334769529999983e-01 4.080813414130000183e+01 1.482793488570000040e-01
2.605861083170000203e-01 4.052316767770000183e+01 1.415950518029999994e-01
2.630000000000000115e-01 4.063467211860000106e+01 1.345678328450000127e-01
2.634910265920000216e-01 4.076732260850000245e+01 1.272930801390000088e-01
2.636479506419999730e-01 4.054817566850000077e+01 1.398236203659999899e-01
2.657624795180000277e-01 4.049814992169999783e+01 1.248039422420000044e-01
2.660000000000000142e-01 4.039070739120000297e+01 2.502271671940000108e-01
2.690000000000000169e-01 4.077616173149999668e+01 2.564006385300000024e-01
2.704344428270000211e-01 4.066898383600000244e+01 1.454779288240000135e-01
2.710000000000000187e-01 4.053230207050000189e+01 2.152670006899999877e-01
2.734547688839999990e-01 4.072715824410000351e+01 1.636682709479999887e-01
2.740000000000000213e-01 4.072465064760000075e+01 2.086709205729999905e-01
2.754401974349999782e-01 4.074339180199999788e+01 1.429416158210000121e-01
2.778534226189999790e-01 4.083800845150000214e+01 1.689942075160000001e-01
2.780000000000000249e-01 4.056624056950000323e+01 1.984529878129999980e-01
2.789246763279999985e-01 4.076782976549999660e+01 1.301570441830000036e-01
2.794547326099999784e-01 4.050128436650000197e+01 1.387247329090000036e-01
2.839999999999999747e-01 4.083538258379999775e+01 2.066160213040000027e-01
2.849999999999999756e-01 4.085424347280000035e+01 1.365941302760000087e-01
2.859999999999999765e-01 4.121113084369999768e+01 2.581446210200000202e-01
2.866187065219999996e-01 4.103840764680000319e+01 1.338002756459999998e-01
2.884183445849999861e-01 4.084278535869999871e+01 1.495987821189999900e-01
2.912000000000000144e-01 4.083906427750000034e+01 1.466245031779999930e-01
2.924697560819999875e-01 4.091904865400000091e+01 1.414006265420000019e-01
2.955855500630000243e-01 4.113705970179999838e+01 2.150648762190000007e-01
2.975188335610000068e-01 4.077220501360000071e+01 2.051858269169999915e-01
2.984092736300000270e-01 4.106240023360000180e+01 2.158185964700000126e-01
2.987774440879999993e-01 4.102935798179999694e+01 1.545369358149999983e-01
2.999999999999999889e-01 4.096279515220000178e+01 3.148655719119999863e-01
3.003126958019999848e-01 4.084684819280000312e+01 1.515009861299999872e-01
3.017550295349999967e-01 4.149381049590000003e+01 2.467614809429999889e-01
3.019999999999999907e-01 4.131079828480000060e+01 2.723465502740000099e-01
3.024016210800000160e-01 4.103320009800000179e+01 1.349101161350000078e-01
3.085808660709999929e-01 4.090762170530000219e+01 1.776527825889999967e-01
3.089999999999999969e-01 4.086077464510000112e+01 2.148632564769999975e-01
3.089999999999999969e-01 4.117379570909999842e+01 2.358238759509999893e-01
3.094926454110000225e-01 4.101819247320000272e+01 1.349601714979999922e-01
3.095473371579999800e-01 4.119255672380000277e+01 1.540123328030000016e-01
3.128833641579999991e-01 4.101444877710000014e+01 1.395065141740000070e-01
3.140000000000000013e-01 4.123196803550000311e+01 2.423638936829999868e-01
3.164298446950000177e-01 4.139507338060000308e+01 1.928661222480000104e-01
3.200000000000000067e-01 4.124460345159999974e+01 4.209981132760000078e-01
3.204469888609999817e-01 4.110278513499999775e+01 1.343803111669999995e-01
3.263964832030000207e-01 4.097230417600000152e+01 1.443880658330000122e-01
3.290000000000000147e-01 4.134025672820000352e+01 2.698074014110000141e-01
3.305124486830000041e-01 4.122793900180000293e+01 1.567236830339999998e-01
3.306346283300000133e-01 4.105225988910000012e+01 1.526993394479999877e-01
3.310000000000000164e-01 4.107847005010000174e+01 1.377047665689999922e-01
3.320000000000000173e-01 4.125547830130000193e+01 2.399032762689999876e-01
3.372999999999999887e-01 4.129449095209999854e+01 1.372405889720000050e-01
3.388026091340000101e-01 4.130537188009999738e+01 1.709083679460000060e-01
3.396000000000000130e-01 4.108397338380000008e+01 2.265279412110000057e-01
3.400000000000000244e-01 4.108004325459999961e+01 2.311939882990000084e-01
3.400000000000000244e-01 4.121317877279999919e+01 2.281907701729999904e-01
3.402000000000000024e-01 4.132809152779999806e+01 1.355461973440000023e-01
3.410000000000000253e-01 4.099151385929999947e+01 2.245043199990000016e-01
3.420000000000000262e-01 4.138459817679999730e+01 2.148103206699999990e-01
3.439999999999999725e-01 4.117287111659999965e+01 2.097728390359999973e-01
3.459999999999999742e-01 4.136462686149999968e+01 1.522132464500000060e-01
3.479999999999999760e-01 4.158962620030000323e+01 2.174253024849999993e-01
3.483450208350000188e-01 4.130779153120000302e+01 2.177748890610000099e-01
3.485838575440000087e-01 4.130094103590000287e+01 1.773718878710000002e-01
3.519999999999999796e-01 4.142377935199999683e+01 2.241915408419999922e-01
3.549999999999999822e-01 4.134231157549999836e+01 2.014684340200000034e-01
3.569999999999999840e-01 4.142552796409999871e+01 1.377214765329999868e-01
3.575073570319999838e-01 4.132883940450000182e+01 2.025876824929999931e-01
3.578000000000000069e-01 4.143490959340000046e+01 1.360961518680000037e-01
3.600342119889999859e-01 4.115730043589999809e+01 1.750481865240000046e-01
3.619343088320000068e-01 4.138445335170000305e+01 1.664419149839999890e-01
3.629999999999999893e-01 4.155197568599999869e+01 2.081732970909999925e-01
3.666028987889999868e-01 4.185985723510000156e+01 1.984044295559999893e-01
3.679999999999999938e-01 4.146769523719999739e+01 2.071809669019999967e-01
3.689999999999999947e-01 4.163402301539999684e+01 1.526441218850000114e-01
3.709000000000000075e-01 4.166920439830000333e+01 1.548340060450000000e-01
3.739999999999999991e-01 4.318511468039999812e+01 9.231987137139999744e-01
3.789658020389999882e-01 4.158148890230000205e+01 1.970940076819999998e-01
3.796622935749999761e-01 4.143306189319999788e+01 1.472197402990000070e-01
3.800000000000000044e-01 4.206317653400000012e+01 3.278331144220000271e-01
3.803594873360000017e-01 4.165749865899999804e+01 2.179105276309999950e-01
3.804165142859999849e-01 4.127234052989999924e+01 1.985584343940000052e-01
3.830000000000000071e-01 4.164203390379999803e+01 2.510101748029999746e-01
3.872971074650000123e-01 4.189246532920000021e+01 1.864298661899999876e-01
3.880000000000000115e-01 4.220761403659999900e+01 4.650178272839999849e-01
3.892887876880000153e-01 4.160262842889999746e+01 2.008675757879999912e-01
3.915992134410000158e-01 4.150872710219999817e+01 1.715643158950000136e-01
3.939744782719999949e-01 4.178115342230000095e+01 1.507073196220000133e-01
3.965000000000000191e-01 4.148792078969999864e+01 2.023749990569999879e-01
3.990000000000000213e-01 4.148808176059999653e+01 2.929522120360000259e-01
3.996013349759999778e-01 4.172880031270000245e+01 2.051324337479999982e-01
4.000000000000000222e-01 4.231276715860000337e+01 4.775890209659999774e-01
4.010000000000000231e-01 4.193563231310000106e+01 3.328387431950000086e-01
4.010000000000000231e-01 4.255462036019999772e+01 3.698939823619999956e-01
4.010000000000000231e-01 4.169542446540000213e+01 2.293087223149999909e-01
4.024596192159999863e-01 4.191114675779999743e+01 2.112784939940000051e-01
4.083190921639999749e-01 4.184029352600000351e+01 2.063696185109999970e-01
4.099999999999999756e-01 4.134749332829999702e+01 2.569811421479999969e-01
4.119999999999999774e-01 4.142371218840000324e+01 3.120563816760000275e-01
4.149999999999999800e-01 4.187677046430000161e+01 1.410937028049999986e-01
4.159999999999999809e-01 4.242361704070000172e+01 5.563423330919999854e-01
4.159999999999999809e-01 4.155753694669999732e+01 3.032521219429999970e-01
4.209268211030000040e-01 4.213354800489999974e+01 2.023210013110000038e-01
4.209999999999999853e-01 4.217962775379999840e+01 2.337735073589999879e-01
4.209999999999999853e-01 4.213603162980000150e+01 3.220049552450000019e-01
4.219999999999999862e-01 4.172830945759999821e+01 2.307138458580000051e-01
4.229999999999999871e-01 4.156552588160000283e+01 2.435790006269999974e-01
4.249999999999999889e-01 4.120213122279999851e+01 4.891490827769999772e-01
4.259999999999999898e-01 4.176157747959999966e+01 2.249206710499999928e-01
4.289999999999999925e-01 4.189003881229999848e+01 2.154713896890000091e-01
4.299999999999999933e-01 4.239854150690000267e+01 4.583278739769999777e-01
4.299999999999999933e-01 4.218412420530000162e+01 1.481710584289999966e-01
4.299999999999999933e-01 4.176613682949999884e+01 6.083289164239999991e-01
4.299999999999999933e-01 4.181092079729999966e+01 1.510821433200000008e-01
4.299999999999999933e-01 4.131885817149999696e+01 3.578276260620000260e-01
4.299999999999999933e-01 4.180193609730000048e+01 4.588049906539999889e-01
4.359999999999999987e-01 4.188001619970000178e+01 2.165339471299999874e-01
4.359999999999999987e-01 4.192576930020000248e+01 2.282627599269999863e-01
4.400000000000000022e-01 4.204953327359999804e+01 3.197948789080000132e-01
4.400000000000000022e-01 4.201064753309999844e+01 1.074848076660000068e-01
4.490000000000000102e-01 4.202306834960000259e+01 1.570630207339999973e-01
4.500000000000000111e-01 4.227097317679999833e+01 5.899478867890000089e-01
4.500000000000000111e-01 4.183199184949999960e+01 4.537019628449999731e-01
4.500000000000000111e-01 4.240244772540000184e+01 5.082906177679999971e-01
4.510000000000000120e-01 4.179667441450000354e+01 1.430558218940000126e-01
4.530000000000000138e-01 4.282120847649999718e+01 5.249129518459999533e-01
4.550000000000000155e-01 4.232393227210000219e+01 2.296275400130000088e-01
4.600000000000000200e-01 4.214844961130000200e+01 2.100954977230000131e-01
4.606999999999999984e-01 4.207166654630000124e+01 1.812624554900000018e-01
4.627000000000000002e-01 4.204228499620000292e+01 1.475688016199999952e-01
4.630000000000000226e-01 4.194775375399999717e+01 2.664644537599999974e-01
4.650000000000000244e-01 4.182516330170000174e+01 6.000306362320000364e-01
4.680000000000000271e-01 4.254890373709999807e+01 1.639147706000000093e-01
4.689999999999999725e-01 4.235448121120000309e+01 2.831524058100000074e-01
4.699999999999999734e-01 4.213455948579999699e+01 1.532396017200000071e-01
4.719999999999999751e-01 4.196916325640000167e+01 5.144728504250000167e-01
4.749999999999999778e-01 4.210488140279999669e+01 2.559583166459999948e-01
4.769999999999999796e-01 4.205433515539999689e+01 1.835999338909999890e-01
4.789999999999999813e-01 4.235175776250000013e+01 3.581362997920000124e-01
4.799999999999999822e-01 4.215994859260000283e+01 5.214204225709999641e-01
4.899999999999999911e-01 4.178743493830000233e+01 4.464845059470000099e-01
4.929999999999999938e-01 4.214691466949999921e+01 2.639575464999999732e-01
4.949999999999999956e-01 4.224866336689999713e+01 2.323479659630000027e-01
4.949999999999999956e-01 4.211890815379999964e+01 4.436534731080000182e-01
4.959999999999999964e-01 4.221467602879999959e+01 1.528145398409999911e-01
4.969999999999999973e-01 4.207577381539999806e+01 2.216377128560000076e-01
4.969999999999999973e-01 4.232455309030000024e+01 1.679801942860000008e-01
4.979999999999999982e-01 4.298372023710000178e+01 6.424065041169999546e-01
5.000000000000000000e-01 4.236300326229999769e+01 3.173371668009999924e-01
5.042999999999999705e-01 4.233820069530000296e+01 1.495775074750000100e-01
5.080000000000000071e-01 4.219427073189999788e+01 2.317672028059999945e-01
5.100000000000000089e-01 4.188068536880000181e+01 2.267624618250000113e-01
5.110000000000000098e-01 4.237366046689999877e+01 8.906175459829999974e-02
5.140000000000000124e-01 4.278619362130000070e+01 4.937359110430000197e-01
5.190000000000000169e-01 4.307150971400000117e+01 3.144624911839999926e-01
5.210000000000000187e-01 4.218012945209999742e+01 1.609968030829999897e-01
5.210000000000000187e-01 4.237824455650000033e+01 1.993321554480000091e-01
5.220000000000000195e-01 4.267733034660000158e+01 2.471508688400000098e-01
5.260000000000000231e-01 4.195608085979999657e+01 5.136791854829999560e-01
5.260000000000000231e-01 4.240021067949999889e+01 1.669430972300000038e-01
5.280000000000000249e-01 4.236969184139999811e+01 3.026541514430000079e-01
5.280000000000000249e-01 4.245434956929999970e+01 2.442906752900000089e-01
5.320000000000000284e-01 4.256581565959999836e+01 1.666510532169999947e-01
5.390000000000000346e-01 4.222666320839999798e+01 2.417978163520000112e-01
5.400000000000000355e-01 4.242462126720000271e+01 1.115518809189999933e-01
5.400000000000000355e-01 4.251116351860000009e+01 2.829454418339999999e-01
5.430000000000000382e-01 4.247880585059999703e+01 9.814143420809999518e-02
5.480000000000000426e-01 4.229629855630000179e+01 1.883708934099999899e-01
5.500000000000000444e-01 4.434346754290000092e+01 1.006812180410000090e+00
5.500000000000000444e-01 4.227564704640000315e+01 1.552046415499999943e-01
5.515999999999999792e-01 4.230318373330000270e+01 1.492548727789999863e-01
5.520000000000000462e-01 4.251093427610000219e+01 1.034145029539999955e-01
5.570000000000000506e-01 4.255701120269999649e+01 1.574560311519999922e-01
5.610000000000000542e-01 4.287195040169999771e+01 3.065219086850000108e-01
5.620000000000000551e-01 4.305052259450000207e+01 3.332154415599999919e-01
5.639999999999999458e-01 4.237289174859999719e+01 2.920224006720000265e-01
5.679999999999999494e-01 4.270924962290000337e+01 2.895468967839999741e-01
5.699999999999999512e-01 4.248911035910000322e+01 3.889526331729999953e-01
5.699999999999999512e-01 4.267146671239999733e+01 4.703820885689999898e-01
5.709999999999999520e-01 4.239916206609999705e+01 1.742239636179999940e-01
5.789999999999999591e-01 4.318636334419999656e+01 6.432978066250000238e-01
5.799999999999999600e-01 4.330512501390000324e+01 5.199622512520000184e-01
5.809999999999999609e-01 4.366867976700000042e+01 3.912369302440000252e-01
5.809999999999999609e-01 4.274232334060000227e+01 1.554625178429999977e-01
5.809999999999999609e-01 4.206342327800000191e+01 5.050339603679999678e-01
5.816999999999999948e-01 4.267204060739999960e+01 1.598033691469999962e-01
5.819999999999999618e-01 4.316391025619999766e+01 3.252079177439999857e-01
5.829999999999999627e-01 4.240112536590000047e+01 2.864839304799999820e-01
5.909999999999999698e-01 4.320910596769999756e+01 3.060061124189999981e-01
5.919999999999999707e-01 4.257732276179999786e+01 1.723940471679999975e-01
5.919999999999999707e-01 4.415235482559999980e+01 7.179634930039999752e-01
5.989999999999999769e-01 4.274346489610000077e+01 3.821651124550000111e-01
6.029999999999999805e-01 4.264620470669999719e+01 2.786289026759999898e-01
6.039999999999999813e-01 4.252697648099999839e+01 1.596870496899999992e-01
6.099999999999999867e-01 4.290496571199999920e+01 1.562482533220000136e-01
6.119999999999999885e-01 4.281394094400000228e+01 2.830234148910000247e-01
6.129999999999999893e-01 4.299372466359999834e+01 1.650967204190000037e-01
6.129999999999999893e-01 4.261670959420000315e+01 2.602144696729999929e-01
6.149999999999999911e-01 4.254263660800000224e+01 5.562227434290000216e-01
6.189999999999999947e-01 4.305601863700000109e+01 2.478224819560000125e-01
6.199999999999999956e-01 4.300925260470000211e+01 1.695646858239999999e-01
6.199999999999999956e-01 4.322796202330000170e+01 3.903446630660000194e-01
6.229999999999999982e-01 4.251452399730000309e+01 2.414281349769999974e-01
6.268000000000000238e-01 4.275861261539999703e+01 1.572278049780000131e-01
6.310000000000000053e-01 4.237738312089999937e+01 2.449741231670000130e-01
6.310000000000000053e-01 4.288182529329999682e+01 2.343696696249999989e-01
6.330000000000000071e-01 4.220167248269999760e+01 2.598778533059999951e-01
6.330000000000000071e-01 4.304986353019999967e+01 1.699571377269999961e-01
6.400000000000000133e-01 4.276424727490000066e+01 1.888093774300000083e-01
6.400000000000000133e-01 4.316438069379999831e+01 1.937490166439999884e-01
6.400000000000000133e-01 4.292427543369999654e+01 2.801143322690000104e-01
6.430000000000000160e-01 4.301126698769999734e+01 1.663697717529999953e-01
6.450000000000000178e-01 4.281697316620000038e+01 2.342731297469999863e-01
6.550000000000000266e-01 4.231508524819999906e+01 4.970816247429999946e-01
6.560000000000000275e-01 4.314485910589999662e+01 6.272025057660000069e-01
6.570000000000000284e-01 4.297524871729999774e+01 6.587284814349999573e-01
6.700000000000000400e-01 4.314320955379999845e+01 2.096542854260000088e-01
6.710000000000000409e-01 4.298200700110000128e+01 1.205455275800000059e-01
6.790000000000000480e-01 4.345740634020000215e+01 1.959690773090000115e-01
6.800000000000000488e-01 4.290403445769999990e+01 2.909519263670000133e-01
6.870000000000000551e-01 4.299638507849999769e+01 2.851887985339999765e-01
6.870000000000000551e-01 4.283483512170000296e+01 2.725377823930000276e-01
6.879999999999999449e-01 4.305398603470000296e+01 1.657772652579999895e-01
6.909999999999999476e-01 4.308876693010000025e+01 2.538422449220000265e-01
6.949999999999999512e-01 4.321170426070000303e+01 2.054491943900000062e-01
6.979999999999999538e-01 4.376872868600000288e+01 4.334802179750000262e-01
7.069999999999999618e-01 4.328242562009999972e+01 2.562539164550000081e-01
7.099999999999999645e-01 4.302203880980000150e+01 1.842809546779999863e-01
7.109999999999999654e-01 4.356654956460000250e+01 3.667251810409999924e-01
7.209999999999999742e-01 4.317567838250000278e+01 1.871798523769999945e-01
7.299999999999999822e-01 4.327699551999999983e+01 1.948940524130000074e-01
7.349999999999999867e-01 4.309184035330000029e+01 2.005758094389999968e-01
7.399999999999999911e-01 4.328754670379999681e+01 1.984024870670000051e-01
7.409999999999999920e-01 4.371725228740000091e+01 2.232868596779999937e-01
7.500000000000000000e-01 4.324299868699999649e+01 1.383184576369999863e-01
7.520000000000000018e-01 4.330182988039999969e+01 2.070714365019999947e-01
7.560000000000000053e-01 4.381399219040000048e+01 1.927759553310000040e-01
7.630000000000000115e-01 4.447242459419999960e+01 8.981631214170000543e-01
7.720000000000000195e-01 4.350999382789999714e+01 2.188347700250000138e-01
7.800000000000000266e-01 4.360080717030000130e+01 1.713188333050000012e-01
7.810000000000000275e-01 4.343722955150000331e+01 3.213486842130000021e-01
7.910000000000000364e-01 4.357688111969999767e+01 2.013436791609999887e-01
7.990000000000000435e-01 4.337882940059999726e+01 2.331742281339999889e-01
8.000000000000000444e-01 4.371406010529999975e+01 2.151652440469999927e-01
8.100000000000000533e-01 4.336989249460000195e+01 2.126856921889999918e-01
8.110000000000000542e-01 4.340453602160000202e+01 2.106195264409999879e-01
8.120000000000000551e-01 4.365357327619999950e+01 3.790163419370000120e-01
8.149999999999999467e-01 4.407440160069999990e+01 7.289217302860000469e-01
8.159999999999999476e-01 4.369108288160000342e+01 4.578634218229999941e-01
8.169999999999999485e-01 4.365156373610000173e+01 2.102868635719999935e-01
8.179999999999999494e-01 4.339289417210000011e+01 2.675588057400000164e-01
8.209999999999999520e-01 4.364093878679999960e+01 1.940135919719999935e-01
8.217999999999999750e-01 4.381536396210000106e+01 2.132069839500000119e-01
8.299999999999999600e-01 4.354240343659999724e+01 4.710468427719999851e-01
8.299999999999999600e-01 4.405065993350000042e+01 2.088353559560000017e-01
8.329999999999999627e-01 4.368809784780000172e+01 5.209132459169999452e-01
8.389999999999999680e-01 4.339806572370000026e+01 2.221241474439999974e-01
8.399999999999999689e-01 4.387310319430000050e+01 2.223485022820000101e-01
8.399999999999999689e-01 4.351430437730000023e+01 2.086970532430000025e-01
8.499999999999999778e-01 4.349425734550000300e+01 1.717964306549999987e-01
8.539999999999999813e-01 4.360846428610000203e+01 2.255699058379999900e-01
8.589999999999999858e-01 4.409290260190000055e+01 2.969650450860000235e-01
8.599999999999999867e-01 4.392166067029999965e+01 1.724119651669999975e-01
8.679999999999999938e-01 4.349328740610000210e+01 2.460951652599999984e-01
8.699999999999999956e-01 4.423130420470000246e+01 2.788172903760000043e-01
8.739999999999999991e-01 4.329537924099999913e+01 3.880893031570000207e-01
8.820000000000000062e-01 4.337503892710000031e+01 5.839871194650000374e-01
8.850000000000000089e-01 4.418433330629999745e+01 2.862301840509999806e-01
9.050000000000000266e-01 4.363874000620000260e+01 2.574675474099999972e-01
9.100000000000000311e-01 4.430551642300000026e+01 2.672410494229999767e-01
9.271000000000000352e-01 4.394049787120000161e+01 2.867075545059999953e-01
9.300000000000000488e-01 4.355242957819999816e+01 2.899183790659999871e-01
9.350000000000000533e-01 4.354019723590000268e+01 2.276165383579999979e-01
9.360000000000000542e-01 4.330710586349999858e+01 7.059813997410000486e-01
9.489999999999999547e-01 4.344490985320000220e+01 2.846307831309999870e-01
9.499999999999999556e-01 4.397660750659999707e+01 2.912437688469999841e-01
9.499999999999999556e-01 4.363831760749999944e+01 2.977547107049999808e-01
9.499999999999999556e-01 4.388415029400000122e+01 2.358451244170000072e-01
9.529999999999999583e-01 4.427362022669999675e+01 9.547174410180000459e-01
9.599999999999999645e-01 4.361321160819999676e+01 2.755146313810000192e-01
9.609999999999999654e-01 4.426420161680000120e+01 3.400565606859999868e-01
9.699999999999999734e-01 4.446260169739999668e+01 2.914544560469999879e-01
9.699999999999999734e-01 4.282120383249999662e+01 8.052103027820000092e-01
9.739999999999999769e-01 4.383414325639999731e+01 1.742389403369999923e-01
9.749999999999999778e-01 4.433372549740000323e+01 2.127806031199999948e-01
9.779999999999999805e-01 4.350007216470000060e+01 2.926473018090000044e-01
9.829999999999999849e-01 4.415728436709999727e+01 4.349976410699999962e-01
1.010000000000000009e+00 4.401247453620000272e+01 3.756724171429999815e-01
1.010000000000000009e+00 4.491213782930000065e+01 3.337486169900000244e-01
1.016999999999999904e+00 4.429397077090000323e+01 1.710461543219999880e-01
1.020000000000000018e+00 4.416406552760000181e+01 2.323395273780000103e-01
1.020000000000000018e+00 4.436292470269999910e+01 2.209637620650000134e-01
1.030000000000000027e+00 4.424009335720000280e+01 1.412542026009999951e-01
1.056999999999999940e+00 4.415063010010000255e+01 2.385846852350000102e-01
1.092000000000000082e+00 4.400784771890000258e+01 2.465118646330000107e-01
1.110000000000000098e+00 4.462533585229999744e+01 4.478326327950000185e-01
1.120000000000000107e+00 4.451440548709999945e+01 2.240790945470000073e-01
1.124000000000000110e+00 4.456751918140000157e+01 1.972630476209999983e-01
1.139999999999999902e+00 4.432295709299999942e+01 2.287010295420000006e-01
1.139999999999999902e+00 4.419695213330000172e+01 3.684032938030000204e-01
1.187999999999999945e+00 4.460764254979999777e+01 5.005449492910000187e-01
1.189999999999999947e+00 4.436283165620000091e+01 2.471081137420000073e-01
1.191999999999999948e+00 4.445875159999999937e+01 2.002580719020000122e-01
1.215000000000000080e+00 4.524652094950000247e+01 5.603174451510000154e-01
1.229999999999999982e+00 4.502067572280000007e+01 2.350284005640000118e-01
1.241000000000000103e+00 4.458170296080000128e+01 4.783710531959999845e-01
1.264999999999999902e+00 4.494411084099999698e+01 2.354699597159999880e-01
1.300000000000000044e+00 4.501625810160000185e+01 2.427191678210000036e-01
1.304999999999999938e+00 4.474016932800000035e+01 2.595401150100000165e-01
1.306999999999999940e+00 4.541074410859999944e+01 3.146967095679999993e-01
1.314999999999999947e+00 4.497135777439999771e+01 1.875088393669999964e-01
1.340000000000000080e+00 4.506750558129999717e+01 2.750150931270000099e-01
1.350000000000000089e+00 4.482706547709999967e+01 1.857054120749999926e-01
1.370000000000000107e+00 4.504971334900000102e+01 2.627484495290000055e-01
1.389999999999999902e+00 4.487623434030000169e+01 2.506319651850000274e-01
1.413999999999999924e+00 4.480376613869999858e+01 3.461814832519999885e-01
