0.000000000000000000e+00 8.345308631648399450e-04
5.012531328320801727e-03 7.652830191938028628e-04
1.002506265664160345e-02 7.581178325943199780e-04
1.503759398496240518e-02 7.848415631655434850e-04
2.005012531328320691e-02 8.156182196415046872e-04
2.506265664160400863e-02 8.411205810911987022e-04
3.007518796992481036e-02 8.677753288731445292e-04
3.508771929824561209e-02 8.961553523266581247e-04
4.010025062656641381e-02 9.247586239504025467e-04
4.511278195488721554e-02 9.538032473204935413e-04
5.012531328320801727e-02 9.835795071409577511e-04
5.513784461152881899e-02 1.013988596993346423e-03
6.015037593984962072e-02 1.044995269945340555e-03
6.516290726817042245e-02 1.076637214361117261e-03
7.017543859649122417e-02 1.108923542235431192e-03
7.518796992481202590e-02 1.141852835791256141e-03
8.020050125313282763e-02 1.175431948038904977e-03
8.521303258145362935e-02 1.209668336891417438e-03
9.022556390977443108e-02 1.244567374824225286e-03
9.523809523809523281e-02 1.280134547783438230e-03
1.002506265664160345e-01 1.316375662705223217e-03
1.052631578947368363e-01 1.353296315104465884e-03
1.102756892230576380e-01 1.390901929293239959e-03
1.152882205513784397e-01 1.429197863762695806e-03
1.203007518796992414e-01 1.468189390515432010e-03
1.253132832080200432e-01 1.507881662139235997e-03
1.303258145363408449e-01 1.548279712995495822e-03
1.353383458646616466e-01 1.589388469350467735e-03
1.403508771929824483e-01 1.631212750225116128e-03
1.453634085213032501e-01 1.673757260328713773e-03
1.503759398496240518e-01 1.717026588640785173e-03
1.553884711779448535e-01 1.761025207769151540e-03
1.604010025062656553e-01 1.805757466303666969e-03
1.654135338345864570e-01 1.851227598639187694e-03
1.704260651629072587e-01 1.897439714880946220e-03
1.754385964912280604e-01 1.944397807195709848e-03
1.804511278195488622e-01 1.992105742000437312e-03
1.854636591478696639e-01 2.040567263803102702e-03
1.904761904761904656e-01 2.089785991798823878e-03
1.954887218045112673e-01 2.139765423080488681e-03
2.005012531328320691e-01 2.190508929516867855e-03
2.055137844611528708e-01 2.242019759086436546e-03
2.105263157894736725e-01 2.294301035783360542e-03
2.155388471177944743e-01 2.347355756899340267e-03
2.205513784461152760e-01 2.401186798066696961e-03
2.255639097744360777e-01 2.455796911302202644e-03
2.305764411027568794e-01 2.511188727299685890e-03
2.355889724310776812e-01 2.567364754212009183e-03
2.406015037593984829e-01 2.624327376439950909e-03
2.456140350877192846e-01 2.682078860721612105e-03
2.506265664160400863e-01 2.740621355615333564e-03
2.556390977443608881e-01 2.799956892721323226e-03
2.606516290726816898e-01 2.860087388285301353e-03
2.656641604010024915e-01 2.921014645886145771e-03
2.706766917293232932e-01 2.982740355630312742e-03
2.756892230576440950e-01 3.045266095170248884e-03
2.807017543859648967e-01 3.108593331334920645e-03
2.857142857142856984e-01 3.172723427738385633e-03
2.907268170426065002e-01 3.237657641790514518e-03
2.957393483709273019e-01 3.303397129494579573e-03
3.007518796992481036e-01 3.369942945755815145e-03
3.057644110275689053e-01 3.437296048343274537e-03
3.107769423558897071e-01 3.505457299554840152e-03
3.157894736842105088e-01 3.574427471905675807e-03
3.208020050125313105e-01 3.644207245574468314e-03
3.258145363408521122e-01 3.714797215456075441e-03
3.308270676691729140e-01 3.786197890262948257e-03
3.358395989974937157e-01 3.858409699608849296e-03
3.408521303258145174e-01 3.931432992415834736e-03
3.458646616541353191e-01 4.005268044389669220e-03
3.508771929824561209e-01 4.079915053835666758e-03
3.558897243107769226e-01 4.155374152956943859e-03
3.609022556390977243e-01 4.231645404909552960e-03
3.659147869674185261e-01 4.308728812697400212e-03
3.709273182957393278e-01 4.386624314759092480e-03
3.759398496240601295e-01 4.465331797886731846e-03
3.809523809523809312e-01 4.544851087592776707e-03
3.859649122807017330e-01 4.625181964538024881e-03
3.909774436090225347e-01 4.706324149643517640e-03
3.959899749373433364e-01 4.788277330956450251e-03
4.010025062656641381e-01 4.871041144055912597e-03
4.060150375939849399e-01 4.954615193855127150e-03
4.110275689223057416e-01 5.038999041448888327e-03
4.160401002506265433e-01 5.124192222335910603e-03
4.210526315789473450e-01 5.210194232155386518e-03
4.260651629072681468e-01 5.297004546499255694e-03
4.310776942355889485e-01 5.384622609269927411e-03
4.360902255639097502e-01 5.473047846392362428e-03
4.411027568922305520e-01 5.562279663163564696e-03
4.461152882205513537e-01 5.652317447789809157e-03
4.511278195488721554e-01 5.743160574764029531e-03
4.561403508771929571e-01 5.834808403371659347e-03
4.611528822055137589e-01 5.927260292145669802e-03
4.661654135338345606e-01 6.020515582417934781e-03
4.711779448621553623e-01 6.114573620991230543e-03
4.761904761904761640e-01 6.209433741145201947e-03
4.812030075187969658e-01 6.305095288670394156e-03
4.862155388471177675e-01 6.401557598950969978e-03
4.912280701754385692e-01 6.498820019912639884e-03
4.962406015037593709e-01 6.596881902309190658e-03
5.012531328320801727e-01 6.695742612440559391e-03
5.062656641604009744e-01 6.795401523590325135e-03
5.112781954887217761e-01 6.895858014590207884e-03
5.162907268170425779e-01 6.997111486181219718e-03
5.213032581453633796e-01 7.099161341182853337e-03
5.263157894736841813e-01 7.202007011666674424e-03
5.313283208020049830e-01 7.305647934067977661e-03
5.363408521303257848e-01 7.410083572009639775e-03
5.413533834586465865e-01 7.515313406689176287e-03
5.463659147869673882e-01 7.621336963913204719e-03
5.513784461152881899e-01 7.728153784426788041e-03
5.563909774436089917e-01 7.835763420977932131e-03
5.614035087719297934e-01 7.944165464162022613e-03
5.664160401002505951e-01 8.053359517235061590e-03
5.714285714285713969e-01 8.163345220710511302e-03
5.764411027568921986e-01 8.274122235288909957e-03
5.814536340852130003e-01 8.385690248513575501e-03
5.864661654135338020e-01 8.498048981763534418e-03
5.914786967418546038e-01 8.611198204215100155e-03
5.964912280701754055e-01 8.725137724797524946e-03
6.015037593984962072e-01 8.839867362187189478e-03
6.065162907268170089e-01 8.955386974222993152e-03
6.115288220551378107e-01 9.071696450119346930e-03
6.165413533834586124e-01 9.188795704870115003e-03
6.215538847117794141e-01 9.306684696446356278e-03
6.265664160401002158e-01 9.425363401728531487e-03
6.315789473684210176e-01 9.544831838513991029e-03
6.365914786967418193e-01 9.665090071907392680e-03
6.416040100250626210e-01 9.786138218340153030e-03
6.466165413533834228e-01 9.907976416899881567e-03
6.516290726817042245e-01 1.003060482923585559e-02
6.566416040100250262e-01 1.015402366154469736e-02
6.616541353383458279e-01 1.027823315002072968e-02
6.666666666666666297e-01 1.040323356081679362e-02
6.716791979949874314e-01 1.052902520265895647e-02
6.766917293233082331e-01 1.065560840521687265e-02
6.817042606516290348e-01 1.078298354499391057e-02
6.867167919799498366e-01 1.091115106342790790e-02
6.917293233082706383e-01 1.104011141143815614e-02
6.967418546365914400e-01 1.116986508136735834e-02
7.017543859649122417e-01 1.130041259029571261e-02
7.067669172932330435e-01 1.143175449288200488e-02
7.117794486215538452e-01 1.156389138017617849e-02
7.167919799498746469e-01 1.169682386626850860e-02
7.218045112781954487e-01 1.183055260641717628e-02
7.268170426065162504e-01 1.196507828218367799e-02
7.318295739348370521e-01 1.210040162830294634e-02
7.368421052631578538e-01 1.223652341606080302e-02
7.418546365914786556e-01 1.237344443164837236e-02
7.468671679197994573e-01 1.251116549862060605e-02
7.518796992481202590e-01 1.264968747480218168e-02
7.568922305764410607e-01 1.278901123993656831e-02
7.619047619047618625e-01 1.292913771085809488e-02
7.669172932330826642e-01 1.307006782977005073e-02
7.719298245614034659e-01 1.321180256160127582e-02
7.769423558897242676e-01 1.335434292135660901e-02
7.819548872180450694e-01 1.349768995799554942e-02
7.869674185463658711e-01 1.364184473621712565e-02
7.919799498746866728e-01 1.378680835320269041e-02
7.969924812030074746e-01 1.393258192450433884e-02
8.020050125313282763e-01 1.407916660025223567e-02
8.070175438596490780e-01 1.422656356345011405e-02
8.120300751879698797e-01 1.437477401350472674e-02
8.170426065162906815e-01 1.452379917528364046e-02
8.220551378446114832e-01 1.467364030128929381e-02
8.270676691729322849e-01 1.482429868155819147e-02
8.320802005012530866e-01 1.497577562912327104e-02
8.370927318295738884e-01 1.512807247386829292e-02
8.421052631578946901e-01 1.528119056097641121e-02
8.471177944862154918e-01 1.543513127780170822e-02
8.521303258145362935e-01 1.558989603208802734e-02
8.571428571428570953e-01 1.574548624021727614e-02
8.621553884711778970e-01 1.590190334426059421e-02
8.671679197994986987e-01 1.605914882307130781e-02
8.721804511278195005e-01 1.621722416846722511e-02
8.771929824561403022e-01 1.637613088443261658e-02
8.822055137844611039e-01 1.653587050515389900e-02
8.872180451127819056e-01 1.669644459169856640e-02
8.922305764411027074e-01 1.685785471238048644e-02
8.972431077694235091e-01 1.702010245003121591e-02
9.022556390977443108e-01 1.718318942832721546e-02
9.072681704260651125e-01 1.734711727834780531e-02
9.122807017543859143e-01 1.751188763326356687e-02
9.172932330827067160e-01 1.767750217056620471e-02
9.223057644110275177e-01 1.784396257580512374e-02
9.273182957393483195e-01 1.801127053005386128e-02
9.323308270676691212e-01 1.817942776289165410e-02
9.373433583959899229e-01 1.834843601289063916e-02
9.423558897243107246e-01 1.851829700789444505e-02
9.473684210526315264e-01 1.868901253043721289e-02
9.523809523809523281e-01 1.886058436255017359e-02
9.573934837092731298e-01 1.903301427849633104e-02
9.624060150375939315e-01 1.920630411235634688e-02
9.674185463659147333e-01 1.938045566713333251e-02
9.724310776942355350e-01 1.955547076332657050e-02
9.774436090225563367e-01 1.973135127873391903e-02
9.824561403508771384e-01 1.990809904821633225e-02
9.874686716791979402e-01 2.008571595659752393e-02
9.924812030075187419e-01 2.026420390950350522e-02
9.974937343358395436e-01 2.044356477339062325e-02
1.002506265664160345e+00 2.062380049889801434e-02
1.007518796992481036e+00 2.080491299601313487e-02
1.012531328320801949e+00 2.098690420067150092e-02
1.017543859649122862e+00 2.116977609394190413e-02
1.022556390977443552e+00 2.135353060201405917e-02
1.027568922305764243e+00 2.153816973804021512e-02
1.032581453634085156e+00 2.172369541960594841e-02
1.037593984962406068e+00 2.191010963561312863e-02
1.042606516290726759e+00 2.209741440049382832e-02
1.047619047619047450e+00 2.228561168127415199e-02
1.052631578947368363e+00 2.247470354438028256e-02
1.057644110275689275e+00 2.266469196360446428e-02
1.062656641604009966e+00 2.285557901958314153e-02
1.067669172932330657e+00 2.304736672818929674e-02
1.072681704260651570e+00 2.324005715520725476e-02
1.077694235588972482e+00 2.343365237684542218e-02
1.082706766917293173e+00 2.362815443867249260e-02
1.087719298245613864e+00 2.382356547302071081e-02
1.092731829573934776e+00 2.401988750555386631e-02
1.097744360902255689e+00 2.421712265584147206e-02
1.102756892230576380e+00 2.441527294451222019e-02
1.107769423558897071e+00 2.461434054193271589e-02
1.112781954887217983e+00 2.481432749235214577e-02
1.117794486215538896e+00 2.501523596944779312e-02
1.122807017543859587e+00 2.521706804565564466e-02
1.127819548872180277e+00 2.541982589340721979e-02
1.132832080200501190e+00 2.562351161524056148e-02
1.137844611528822103e+00 2.582812738359182084e-02
1.142857142857142794e+00 2.603367532915571228e-02
1.147869674185463484e+00 2.624015762819321973e-02
1.152882205513784397e+00 2.644757643582304821e-02
1.157894736842105310e+00 2.665593392571660378e-02
1.162907268170426001e+00 2.686523221985496687e-02
1.167919799498746691e+00 2.707547349606636428e-02
1.172932330827067604e+00 2.728665991538114372e-02
1.177944862155388517e+00 2.749879367647740588e-02
1.182957393483709208e+00 2.771187693854095316e-02
1.187969924812029898e+00 2.792591192479540116e-02
1.192982456140350811e+00 2.814090078634379904e-02
1.197994987468671724e+00 2.835684577950799493e-02
1.203007518796992414e+00 2.857374903967160873e-02
1.208020050125313105e+00 2.879161286053519980e-02
1.213032581453634018e+00 2.901043936169552667e-02
1.218045112781954931e+00 2.923023087441141074e-02
1.223057644110275621e+00 2.945098949582814277e-02
1.228070175438596312e+00 2.967271753820809391e-02
1.233082706766917225e+00 2.989541710489049958e-02
1.238095238095238138e+00 3.011909052496831996e-02
1.243107769423558828e+00 3.034373994320231291e-02
1.248120300751879519e+00 3.056936764379570431e-02
1.253132832080200432e+00 3.079597584634245766e-02
1.258145363408521344e+00 3.102356676364642629e-02
1.263157894736842035e+00 3.125214270501028291e-02
1.268170426065162726e+00 3.148170580809166869e-02
1.273182957393483639e+00 3.171225845647511477e-02
1.278195488721804551e+00 3.194380276069890001e-02
1.283208020050125242e+00 3.217634110537301306e-02
1.288220551378445933e+00 3.240987565186418534e-02
1.293233082706766846e+00 3.264440866822403836e-02
1.298245614035087758e+00 3.287994244164355040e-02
1.303258145363408449e+00 3.311647913149236983e-02
1.308270676691729140e+00 3.335402113959442388e-02
1.313283208020050052e+00 3.359257056994129076e-02
1.318295739348370965e+00 3.383212982182615125e-02
1.323308270676691656e+00 3.407270109168488575e-02
1.328320802005012347e+00 3.431428663272093754e-02
1.333333333333333259e+00 3.455688881534421664e-02
1.338345864661654172e+00 3.480050975209362379e-02
1.343358395989974863e+00 3.504515188894698208e-02
1.348370927318295553e+00 3.529081738684872183e-02
1.353383458646616466e+00 3.553750854429854611e-02
1.358395989974937379e+00 3.578522770671774961e-02
1.363408521303258070e+00 3.603397698317752085e-02
1.368421052631578760e+00 3.628375883385732276e-02
1.373433583959899673e+00 3.653457542133637520e-02
1.378446115288220586e+00 3.678642903114459628e-02
1.383458646616541277e+00 3.703932206288507167e-02
1.388471177944861967e+00 3.729325660620546462e-02
1.393483709273182880e+00 3.754823511966810801e-02
1.398496240601503793e+00 3.780425983231422427e-02
1.403508771929824483e+00 3.806133294529811389e-02
1.408521303258145174e+00 3.831945693332978325e-02
1.413533834586466087e+00 3.857863390136975767e-02
1.418546365914787000e+00 3.883886621865632882e-02
1.423558897243107690e+00 3.910015624781550819e-02
1.428571428571428381e+00 3.936250607363638715e-02
1.433583959899749294e+00 3.962591818486915773e-02
1.438596491228070207e+00 3.989039481846225199e-02
1.443609022556390897e+00 4.015593813929117101e-02
1.448621553884711588e+00 4.042255066012897385e-02
1.453634085213032501e+00 4.069023451772454947e-02
1.458646616541353414e+00 4.095899199188209744e-02
1.463659147869674104e+00 4.122882555549765848e-02
1.468671679197994795e+00 4.149973728875484824e-02
1.473684210526315708e+00 4.177172957896969907e-02
1.478696741854636620e+00 4.204480484159798387e-02
1.483709273182957311e+00 4.231896513051416203e-02
1.488721804511278002e+00 4.259421290114105002e-02
1.493734335839598915e+00 4.287055051526150740e-02
1.498746867167919827e+00 4.314798002716905417e-02
1.503759398496240518e+00 4.342650394074728387e-02
1.508771929824561209e+00 4.370612457874244183e-02
1.513784461152882121e+00 4.398684399777820497e-02
1.518796992481203034e+00 4.426866472858690532e-02
1.523809523809523725e+00 4.455158907872879687e-02
1.528822055137844416e+00 4.483561910061169969e-02
1.533834586466165328e+00 4.512075733328029664e-02
1.538847117794486241e+00 4.540700608983926773e-02
1.543859649122806932e+00 4.569436741310217015e-02
1.548872180451127623e+00 4.598284383837070860e-02
1.553884711779448535e+00 4.627243770355541491e-02
1.558897243107769448e+00 4.656315103220694251e-02
1.563909774436090139e+00 4.685498633420171616e-02
1.568922305764410829e+00 4.714794600108244971e-02
1.573934837092731742e+00 4.744203204894389958e-02
1.578947368421052655e+00 4.773724692376046103e-02
1.583959899749373346e+00 4.803359308463779620e-02
1.588972431077694036e+00 4.833107256764467008e-02
1.593984962406014949e+00 4.862968771088801295e-02
1.598997493734335862e+00 4.892944105277091671e-02
1.604010025062656553e+00 4.923033469159625308e-02
1.609022556390977243e+00 4.953237080960240513e-02
1.614035087719298156e+00 4.983555200921763878e-02
1.619047619047619069e+00 5.013988050679172442e-02
1.624060150375939759e+00 5.044535833540172987e-02
1.629072681704260450e+00 5.075198808606746353e-02
1.634085213032581363e+00 5.105977211658749293e-02
1.639097744360902276e+00 5.136871241110992775e-02
1.644110275689222966e+00 5.167881140399001316e-02
1.649122807017543657e+00 5.199007161639289387e-02
1.654135338345864570e+00 5.230249512195465217e-02
1.659147869674185483e+00 5.261608407802210313e-02
1.664160401002506173e+00 5.293084111427600463e-02
1.669172932330826864e+00 5.324676849317361987e-02
1.674185463659147777e+00 5.356386818083146151e-02
1.679197994987468689e+00 5.388214270456452570e-02
1.684210526315789380e+00 5.420159454265210258e-02
1.689223057644110071e+00 5.452222573165663166e-02
1.694235588972430984e+00 5.484403844281346418e-02
1.699248120300751896e+00 5.516703532537554217e-02
1.704260651629072587e+00 5.549121866327470787e-02
1.709273182957393278e+00 5.581659039828724272e-02
1.714285714285714191e+00 5.614315301405351649e-02
1.719298245614035103e+00 5.647090905253607934e-02
1.724310776942355794e+00 5.679986061350394272e-02
1.729323308270676485e+00 5.713000972824359980e-02
1.734335839598997397e+00 5.746135904895418450e-02
1.739348370927318310e+00 5.779391096861235394e-02
1.744360902255639001e+00 5.812766745917419264e-02
1.749373433583959692e+00 5.846263075048649394e-02
1.754385964912280604e+00 5.879880350626744828e-02
1.759398496240601517e+00 5.913618799925203506e-02
1.764411027568922208e+00 5.947478613970676176e-02
1.769423558897242899e+00 5.981460033861746989e-02
1.774436090225563811e+00 6.015563320709258616e-02
1.779448621553884724e+00 6.049788692867432566e-02
1.784461152882205415e+00 6.084136340965776851e-02
1.789473684210526105e+00 6.118606520449128977e-02
1.794486215538847018e+00 6.153199487898042969e-02
1.799498746867167931e+00 6.187915456446529266e-02
1.804511278195488622e+00 6.222754617498398727e-02
1.809523809523809312e+00 6.257717231285200854e-02
1.814536340852130225e+00 6.292803551558122377e-02
1.819548872180451138e+00 6.328013788758939107e-02
1.824561403508771829e+00 6.363348133765890646e-02
1.829573934837092519e+00 6.398806848403283676e-02
1.834586466165413432e+00 6.434390186590957517e-02
1.839598997493734345e+00 6.470098359449959202e-02
1.844611528822055035e+00 6.505931555321985138e-02
1.849624060150375726e+00 6.541890033210830124e-02
1.854636591478696639e+00 6.577974050116608407e-02
1.859649122807017552e+00 6.614183820485468324e-02
1.864661654135338242e+00 6.650519529279085018e-02
1.869674185463658933e+00 6.686981427091290286e-02
1.874686716791979846e+00 6.723569779891391818e-02
1.879699248120300759e+00 6.760284809901581649e-02
1.884711779448621449e+00 6.797126702270445131e-02
1.889724310776942140e+00 6.834095690148417335e-02
1.894736842105263053e+00 6.871192045118723613e-02
1.899749373433583965e+00 6.908415999354938775e-02
1.904761904761904656e+00 6.945767744105911523e-02
1.909774436090225347e+00 6.983247486337117171e-02
1.914786967418546260e+00 7.020855501123898779e-02
1.919799498746867172e+00 7.058592033907301611e-02
1.924812030075187863e+00 7.096457288867021040e-02
1.929824561403508554e+00 7.134451450334262923e-02
1.934837092731829467e+00 7.172574780027503316e-02
1.939849624060150379e+00 7.210827539930468599e-02
1.944862155388471070e+00 7.249209950633468680e-02
1.949874686716791761e+00 7.287722194665852138e-02
1.954887218045112673e+00 7.326364493270780265e-02
1.959899749373433586e+00 7.365137125831815179e-02
1.964912280701754277e+00 7.404040334711189941e-02
1.969924812030074968e+00 7.443074320897817564e-02
1.974937343358395880e+00 7.482239266442050618e-02
1.979949874686716793e+00 7.521535434240601836e-02
1.984962406015037484e+00 7.560963089836254813e-02
1.989974937343358175e+00 7.600522458050880392e-02
1.994987468671679087e+00 7.640213724372964255e-02
2.000000000000000000e+00 7.680037092167410484e-02
