0.0 0.230953603459 0.0116825969141
0.0841272771255 0.2417643829 0.0235290435802
0.174863683103 0.268800815143 0.0459601238593
0.193706742787 0.253980193444 0.0279054279936
0.237943924634 0.265245511652 0.029543001844
0.342275542678 0.264349875136 0.0220487535288
0.356036884993 0.280789018961 0.0303391999576
0.366799992178 0.29022872943 0.0301020514259
0.385221083019 0.28437743834 0.0384259947371
0.485354164733 0.310635691422 0.0335578490377
0.576575207186 0.322899364247 0.0325851157603
0.6018986037 0.325032500405 0.0224957077937
0.616479061743 0.333455281129 0.0178184594151
0.639447590057 0.35648894012 0.0623490367356
0.684044538352 0.350577638374 0.0330723230838
0.713376793301 0.346042019783 0.0668247225609
0.71416887366 0.342379826992 0.0307637092559
0.77032699725 0.340424154801 0.0214903783355
0.772980230839 0.356023161087 0.0350181348631
0.783492967879 0.351473395935 0.0327744668246
0.790140518783 0.34047853567 0.038685310466
0.828277474558 0.363197316164 0.0552604033464
0.835897625033 0.380837952519 0.0456577318646
0.845757771442 0.360353140992 0.0581174019655
0.926838393038 0.382525486386 0.0330340183131
0.976363487615 0.418839949211 0.0720036827398
1.0731051423 0.427074474233 0.0484185649906
1.09711979323 0.456185117384 0.0690959917267
1.10679008553 0.425496010928 0.0602061205827
1.11873391436 0.43494789208 0.0778338784378
1.19120013473 0.451100529013 0.0558612826112
1.22319372013 0.48034107515 0.0654389493625
1.2333647993 0.499663709263 0.0912724759812
1.25092762946 0.4650094654 0.0754235349216
1.25472473971 0.448491221083 0.0324546285878
1.54290375076 0.554883775151 0.0573642227627
1.54347383929 0.577085239603 0.100116868621
1.59474084668 0.527446377504 0.100063039104
1.61816151612 0.583816384168 0.0659152624834
1.6775645421 0.603138800806 0.0808226374189
1.69363410456 0.596771657022 0.0896394305753
1.69419934182 0.554882790699 0.0307213875098
1.73711356538 0.648741931945 0.14889501912
1.73748966933 0.637749009206 0.113201604437
1.84819542337 0.682658986537 0.143001517558
1.87109860413 0.731787294761 0.159322783454
1.88935096853 0.654614498522 0.0998933939149
1.89099276191 0.674459156189 0.159943400634
1.97229807366 0.733283474591 0.141929282769
1.98523557249 0.701527370234 0.100973855663
