0.0632407168782 0.00226449660211 0.000410201387301
0.102740095006 0.00290214679755 0.000612777068584
0.171075931522 0.00315788978586 0.00114456691953
0.20447634327 0.00346358066107 0.00141440731881
0.26422252923 0.00393116418175 0.00073361551206
0.278688913349 0.0037786368923 0.000800205336313
0.395749791281 0.00541776409947 0.0011985744784
0.399621099293 0.00553902630649 0.000901444859829
0.463861967175 0.00677768109893 0.00211891972885
0.533356252495 0.00792266502139 0.00247195940929
0.585207337551 0.00664974637935 0.00274382632126
0.617156769864 0.00902712426024 0.00270099361181
0.770747062382 0.0098801164211 0.00295431855008
0.787122790815 0.0114505442517 0.00242567460731
0.809874784699 0.0115395222146 0.00470185964215
0.836514794852 0.0121415132931 0.00410630075623
0.855904530488 0.0136226386835 0.00305908814265
0.862661087718 0.0111043827807 0.00202853563533
0.887372182984 0.0120188428362 0.00265967498172
0.952039111117 0.0153271447254 0.00685790114744
0.966277478409 0.0149585188643 0.00573497390917
0.96887993893 0.0157416374479 0.00656233811632
1.00136352749 0.0146643934186 0.00460675750295
1.05801478968 0.0170876637242 0.00508125823929
1.15312592552 0.0186941436636 0.00485851340692
1.16368838084 0.0189410331659 0.00729126972185
1.18278406833 0.0197349374295 0.00596678476569
1.22569932461 0.0231676041724 0.00768375717096
1.2322815479 0.0236895828299 0.0126707404241
1.29201204575 0.0255238036863 0.00512718059606
1.30921786094 0.0182314219348 0.00497380855771
1.38989343912 0.0230468946164 0.00941447921713
1.5063572773 0.0317560983333 0.0179544897696
1.5294696535 0.0329971927686 0.0134352281132
1.60387062194 0.0397040156515 0.0169935050854
1.60915860077 0.0314335962305 0.0127712199406
1.65491425595 0.0429443719043 0.016530572799
1.65728732683 0.0387074307935 0.0107861887769
1.68977043901 0.0370891895718 0.0125306958831
1.69908530982 0.0474865550949 0.0152535815968
1.73147896207 0.0362093081885 0.0123039826703
1.73550572797 0.035469858978 0.0174496252205
1.74101232464 0.0344085800202 0.0120190690157
1.75721930198 0.0357489325505 0.0101561651634
1.76023602835 0.0395773089819 0.0131299007341
1.7985234467 0.0493258823732 0.021198641675
1.83853028529 0.0541336909236 0.0221263731442
1.86432543645 0.0480469405594 0.017244148487
1.9069040244 0.0544040659541 0.0178800127097
1.99325860489 0.0622484693194 0.024527946149
