0.015 0.066034165327 0.00490975827054
0.015 0.0644688774709 0.00633530541393
0.015 0.0729495263517 0.0073017149977
0.0150270427632 0.059852607363 0.00490946523676
0.0151 0.0780112796868 0.00767664314601
0.015166 0.0641592376885 0.00635955214601
0.0152 0.0616989313019 0.00611090661747
0.0152 0.0689557903536 0.00766811031291
0.0153 0.0847712082852 0.00832470073265
0.0154363 0.0595503488911 0.0040777796986
0.016 0.0662240387022 0.00674342122277
0.016 0.0563812060602 0.00539957073648
0.0163 0.075267368285 0.00737920889372
0.016321 0.0615775526219 0.00581229933711
0.016345641 0.0623336699779 0.00410241799996
0.01645 0.0663876379328 0.00767056948425
0.016559 0.0715321999819 0.00827423771595
0.01673 0.0677417103328 0.00653450394256
0.016743 0.0611115330127 0.00699027799382
0.016991 0.0726306853587 0.010365091105
0.017173 0.0687613894957 0.00785995604835
0.017227 0.0824210669107 0.00756610258653
0.0173 0.0677821156173 0.00689830224046
0.0173 0.0683988611475 0.00678826766451
0.017605 0.0713839662607 0.00893011598005
0.0179312833626 0.0715363994656 0.00511991480375
0.0183152320362 0.0722081968069 0.00533595680781
0.0187 0.0985297446162 0.00894773021073
0.0189 0.0722232799331 0.00697036280422
0.0192 0.0761716979605 0.00691365241937
0.0192 0.085274044202 0.00776931934669
0.019264 0.0941779809757 0.0104364241219
0.0195 0.0860216712287 0.00782489003164
0.019599 0.079466609612 0.00675890929551
0.0203747245299 0.0819916044434 0.00549776834461
0.0205 0.0805063238193 0.00709653792482
0.0208 0.0873393489764 0.00810978805213
0.0209 0.0836783854982 0.00748459721726
0.0211 0.0820364948537 0.00711735109759
0.0212 0.0893727855215 0.00788292068557
0.0215 0.0929117250933 0.00800299602419
0.021793 0.0946305856739 0.01012991054
0.0219 0.08932670159 0.00774958305635
0.0219800059146 0.0894766823623 0.007727882351
0.0221 0.0923504559111 0.00803860037147
0.0221 0.0919016217068 0.00803956556709
0.0224 0.0933632064892 0.0102763763995
0.0229 0.104642251714 0.0089371871139
0.0229 0.101872943981 0.00858614940237
0.0229711675782 0.101636523992 0.0063487208833
0.023 0.0987136552315 0.00849400018833
0.023208 0.0993529323039 0.0105910521395
0.0233 0.0904523358587 0.0076405259158
0.0233 0.104632243063 0.0089498000012
0.023536 0.103208050102 0.0111549857352
0.0239 0.0969348053875 0.0080973806454
0.023953 0.0940117268365 0.00463424160806
0.024 0.103427789436 0.00931231897539
0.0241852990802 0.0976579895644 0.00599800920792
0.0242 0.104017538809 0.00863071124962
0.024314 0.10023809301 0.00838579535779
0.024525 0.09785634991 0.00461634146559
0.0247 0.0915261286625 0.00765520575001
0.0248 0.107141387979 0.00910850549297
0.0249 0.0869717941069 0.0077510185317
0.0251 0.0929228626016 0.00766939809386
0.0255 0.132483959053 0.0119683863846
0.0256 0.130313177418 0.0111725625932
0.0259 0.115075714049 0.00945893894366
0.026 0.113230630076 0.00959115331242
0.026038 0.112493006186 0.00562082563752
0.0261 0.112125445664 0.00993829591814
0.026489 0.118420922609 0.0104331859755
0.0266 0.110127605909 0.00901302251859
0.0268091974805 0.106917946168 0.00629647591627
0.027342 0.0985650738902 0.00796659374433
0.0275 0.127754886523 0.0103761165584
0.0275687259109 0.117888816174 0.00695550046623
0.0277 0.130999018414 0.0110579136364
0.027865 0.0988105938723 0.0101212827868
0.0283 0.120175052141 0.00996856537325
0.0283960268116 0.121705138161 0.0070170577026
0.028488 0.110896597335 0.0114348245844
0.0292 0.14911241425 0.0120046877845
0.029802136901 0.11713232524 0.00659308924281
0.029955 0.147507826898 0.0152413253562
0.0303 0.125812812144 0.010240556411
0.030529 0.124087692404 0.00507161178318
0.030604 0.121300866842 0.00968047648318
0.0308 0.123694965757 0.00982583341953
0.0308 0.134734380276 0.010753448196
0.0308 0.12573243948 0.0103279926546
0.0309 0.144364860912 0.0122121191085
0.0312 0.125509368442 0.0104163809665
0.0312 0.141216649669 0.011300237
0.0315 0.12684951293 0.00998881915619
0.031528 0.13145942041 0.0136432874007
0.032 0.137397513653 0.0122184856657
0.032 0.123123249855 0.00983446687338
0.0321 0.140161523913 0.0112144203623
0.0321 0.126523678693 0.0101980850655
0.0321 0.141825837999 0.0113543857924
0.0321340168614 0.111725779586 0.00656070397784
0.0325 0.136407472634 0.0107038501488
0.0327 0.155197631319 0.0121138100368
0.0329 0.144622929267 0.011348410469
0.0329123710881 0.14636709238 0.0079614413309
0.0334 0.140427170709 0.0113670648225
0.0335 0.146603907509 0.0115104096967
0.0336 0.148721551974 0.012911542092
0.0337 0.138022417726 0.0114244131275
0.0341 0.14433880055 0.0114883972402
0.0341 0.137802108701 0.0111196553128
0.0341 0.13334289399 0.0109039299847
0.0345 0.146618207891 0.0142847363362
0.03572 0.145085296909 0.0114377298922
0.036 0.135982777739 0.0105133744615
0.036 0.157957503586 0.0128753814708
0.036 0.127389145828 0.0105023094733
0.0362 0.146719197891 0.0116040518472
0.036457 0.156943757841 0.0157291653003
0.03648 0.141235067027 0.0110683749727
0.0366 0.145557880054 0.0113259538164
0.0377 0.133936594733 0.0181405165657
0.0393 0.17115797846 0.00781121879695
0.0402 0.174049554832 0.0136770582955
0.0406 0.173204584092 0.0137446618774
0.0421 0.175498825236 0.0137338096065
0.042233 0.170357896754 0.0131152567814
0.0423 0.174815406204 0.0138133053325
0.0425 0.141080904542 0.0126884127368
0.0437189114895 0.173838552796 0.0101842180501
0.0449766726113 0.187010457155 0.0093306224832
0.045295 0.194794499377 0.0147998379327
0.0469673346156 0.181558432888 0.00922302991198
0.0483921953954 0.197751286703 0.0108567089184
0.048818 0.171791586668 0.012681747632
0.048948 0.201749079209 0.0160312067729
0.0491 0.201554919313 0.0163216748697
0.049922 0.186672619644 0.0139525968901
0.050043 0.196815553036 0.0151208518742
0.0522 0.195283849278 0.0170076545185
0.052926 0.208325556732 0.0149428275132
0.05371 0.177764688308 0.0181491956988
0.0544 0.221246438093 0.00877206175857
0.0546 0.188684475495 0.0153499947967
0.0566833670752 0.221225339702 0.0112138107443
0.0576 0.233028182085 0.0173689676221
0.0583 0.230377487543 0.0178330971688
0.0583 0.227671380626 0.0216252992544
0.0589 0.23584116202 0.0179945726978
0.0618357646938 0.236637842923 0.0126063229869
0.062668 0.277898795407 0.0199771568304
0.0638640836964 0.256694183454 0.014139929053
0.0643 0.240420955749 0.0183800651895
0.0651 0.255010105043 0.0191196692217
0.0664403123402 0.262148818161 0.0141950169058
0.0684 0.308156716689 0.0242089010258
0.0688 0.275127650252 0.0250900611111
0.069 0.285268740847 0.0231428129207
0.070086 0.269469703244 0.0196650151337
0.074605 0.285184184681 0.0209830544222
0.0753501119815 0.283738464422 0.0133638624789
0.0784 0.295725198718 0.0118777502163
0.078577 0.270352345766 0.0193769280927
0.0800481440021 0.295294689759 0.0138665147763
0.0843 0.346790593215 0.0319811019092
0.0856894593607 0.33734279462 0.0180775903926
0.0856961170652 0.33677649518 0.0182963135283
0.0858546441437 0.330328038078 0.0171273579997
0.087589 0.374008779537 0.0323368291765
0.0890194292939 0.310183955249 0.016774673669
0.0929368181997 0.356431349709 0.01952483289
0.0931494026855 0.379161036121 0.0199847958407
0.0939086318905 0.360248353201 0.0195684458146
0.100915 0.405360606433 0.0312370543194
0.102715033935 0.409756004685 0.0226236700162
0.106712340103 0.435776569115 0.0236045655858
0.108638265524 0.437039117467 0.0240489600864
0.113042644637 0.41425448346 0.0227470738077
0.11471262087 0.436006723735 0.0227638616376
0.116348502599 0.450430763895 0.0232936995201
0.117277362889 0.449639820425 0.0235440315486
0.117625328764 0.41618960646 0.0217747577706
0.119671538006 0.449703581488 0.0229338349044
0.12282889997 0.45638438389 0.0254446593959
0.1241 0.460041259228 0.0236462403626
0.124273528772 0.438786653983 0.0224568788686
0.1244 0.509466964717 0.0385404250381
0.126473161901 0.435163175134 0.0238878449713
0.12668798909 0.478007110846 0.0272823703849
0.128726735467 0.465229705604 0.0234628166696
0.129278206634 0.476429117256 0.0294884333962
0.1299 0.489504937213 0.0291801740623
0.141787999126 0.549023986086 0.0302193272525
0.1424046524 0.510100235522 0.0267001328536
0.143705907 0.525442748191 0.028144626479
0.1441 0.446972175317 0.0322708113901
0.144621085972 0.550607940671 0.0285835521275
0.145668547261 0.493429556224 0.0285745417341
0.146290296068 0.621173153907 0.0343984505354
0.147025138268 0.551532261535 0.0283598359882
0.151857894665 0.51092819019 0.0267872623163
0.154632097239 0.549417886107 0.0283498154996
0.155247328221 0.547159741386 0.0290820435269
0.1561 0.524638312075 0.0203296301722
0.159 0.568991720747 0.0635759068645
0.159889937748 0.551167173008 0.0291253120069
0.160861854636 0.542343071544 0.0296325383201
0.163795894987 0.558674655908 0.0291072479578
0.170628396749 0.572983232826 0.0307081290458
0.172 0.527946576353 0.104474483799
0.172742230556 0.578338493781 0.0302178087756
0.173910056566 0.584949770373 0.0347412523032
0.177600694977 0.744970479572 0.0428201898963
0.178 0.560618704264 0.0608636073105
0.17968564077 0.631916074056 0.0340435485091
0.18 0.783681236371 0.160761377261
0.180119779968 0.607943698785 0.0323532218866
0.181 0.619552206758 0.0647916084869
0.18221823956 0.593428579132 0.0326121948071
0.182548913397 0.647390147902 0.0340120825828
0.183568404877 0.62484519456 0.0356166961725
0.18581244671 0.655824305166 0.0364438653971
0.186 0.622678982424 0.0542089271842
0.188853175387 0.642911290983 0.0354521631427
0.189706566951 0.687120308233 0.037871297248
0.192149980044 0.716443231255 0.0399509009149
0.194316512142 0.688755587146 0.040083719866
0.196716068579 0.674374641044 0.0419205030447
0.200611719928 0.648146540709 0.0396585847562
0.202608679897 0.681244772796 0.0404100557039
0.204979685349 0.696531234837 0.0396230565594
0.205 0.658839749082 0.0659218288149
0.210938395061 0.676929510995 0.0376637487666
0.2115869815 0.881770453028 0.0646970425047
0.211629598493 0.674964920515 0.0358188776661
0.212548765094 0.708141796075 0.0429087407964
0.213 0.714638877569 0.0735060959062
0.214568258658 0.743919733087 0.040078459693
0.215 0.806230045404 0.0720043299376
0.215543320953 0.775827200727 0.0500936202732
0.216 0.81491936628 0.0807655866789
0.216 0.873659431847 0.0982099264256
0.216582821954 0.797573986503 0.0560052950552
0.218 0.697889891114 0.0714202039237
0.218347445403 0.745809057745 0.0427335311625
0.218585189041 0.738087245753 0.0398072354589
0.228528473881 0.74493138891 0.0418564380104
0.232781107182 0.722992642897 0.0505380002733
0.239 0.733978169863 0.0690106872695
0.24 0.915366355888 0.169815646286
0.242504680476 0.687849211823 0.0478047993255
0.244378876797 0.708730002391 0.040572542314
0.248508130676 0.727197181303 0.0420770339987
0.2486 0.849944185843 0.0604796714543
0.249511054792 0.917708302834 0.0559224049008
0.25066763111 0.901232377059 0.0502069218345
0.251740186424 0.819060461044 0.0446745771377
0.252486060029 0.80935380751 0.0540632833419
0.255490620022 0.793527497215 0.0551684476181
0.256475742725 0.839190507803 0.0603986107646
0.257497888297 0.831416022822 0.0503081396015
0.257740303509 0.85332353432 0.053401109539
0.258028270562 0.850266310876 0.0536864926021
0.26 0.920305598424 0.0847004413516
0.260533476953 0.913099405764 0.0623511423563
0.260586108317 0.800734428268 0.0522134346972
0.263 0.83970690144 0.0520372892865
0.263491026592 0.891908284619 0.052284225327
0.263647950642 0.806088896436 0.0519049965096
0.265762479518 0.785101032504 0.0451231631981
0.266 0.746919962749 0.0860704771473
0.269 0.887787655811 0.104827176634
0.270434442827 0.843125546164 0.0564852482845
0.271 0.790986940144 0.0784137921549
0.273454768884 0.861915320993 0.0649643024117
0.274 0.86018382847 0.0826606640555
0.275440197435 0.865681546277 0.0569852596188
0.277853422619 0.900823296845 0.0701063105822
0.278 0.794669246501 0.0726255998465
0.278924676328 0.870714985816 0.0521902504416
0.27945473261 0.76949716331 0.0491594035396
0.284 0.8911410902 0.0847922477259
0.285 0.897516495463 0.0564573072947
0.286 1.0561953024 0.125560488297
0.286618706522 0.97449991702 0.0600460576625
0.288418344585 0.888061969833 0.0611810624676
0.2912 0.882725801147 0.0596043640566
0.292469756082 0.914047893448 0.0595204176929
0.295585550063 1.00572616568 0.0996081609802
0.297518833561 0.84764433128 0.0800952396553
0.29840927363 0.967513045011 0.0961593186842
0.298777444088 0.952362137607 0.0677766504824
0.3 0.921875611693 0.133672843567
0.300312695802 0.873522373076 0.0609445924101
0.301755029535 1.17409589749 0.133421746997
0.302 1.07879192871 0.135302322498
0.30240162108 0.948746448945 0.0589441031113
0.308580866071 0.886999161854 0.0725672905476
0.309 0.867512289571 0.085838767628
0.309 1.00202798012 0.10882114875
0.309492645411 0.932035313387 0.0579273515913
0.309547337158 1.00987806947 0.0716259053735
0.312883364158 0.925630091588 0.059467219996
0.314 1.02141651756 0.114003053036
0.316429844695 1.09703185088 0.0974363193079
0.32 1.01805871947 0.197377962631
0.320446988861 0.953048683771 0.0589788652719
0.326396483203 0.889434787949 0.0591413310866
0.329 1.04954577272 0.13040700695
0.330512448683 0.99437435609 0.0717678984628
0.33063462833 0.91692610055 0.0644788343904
0.331 0.927551215919 0.0588210207549
0.332 1.00481754724 0.11101178195
0.333333333333 0.986761833146 0.0197352366629
0.3373 1.01494030918 0.0641458787099
0.338802609134 1.0177503863 0.080103277728
0.3396 0.918003631095 0.0957661131981
0.34 0.915796657702 0.0975037402443
0.34 0.973702214731 0.102322211107
0.3402 1.0263112237 0.0640637122788
0.341 0.877900337847 0.0907644128986
0.342 1.05054486354 0.103923898838
0.344 0.950113930834 0.0917847704651
0.346 1.03474956506 0.0725326234265
0.348 1.14431464385 0.114577996242
0.348345020835 1.00451455711 0.100741803247
0.348583857544 1.00099588788 0.0817641198688
0.352 1.05390748074 0.108809645003
0.355 1.01061031044 0.0937640633867
0.357 1.0469981095 0.0664038488058
0.357507357032 1.00065298915 0.0933559962186
0.3578 1.05029261063 0.0658266630588
0.360034211989 0.921213769084 0.074261500617
0.361934308832 1.01994874862 0.0781783927637
0.363 1.10002720402 0.105456688718
0.366602898789 1.26091778912 0.115208313755
0.368 1.05042936165 0.100221844798
0.369 1.13239438388 0.0796019077183
0.3709 1.14770249776 0.081835428669
0.374 2.29641021809 0.976315863009
0.378965802039 1.08940857303 0.0988803268786
0.379662293575 1.01640498974 0.0689094081844
0.38 1.35792922126 0.205010279578
0.380359487336 1.12594019345 0.112989794649
0.380416514286 0.942861306846 0.086214802508
0.383 1.1136851289 0.128735828121
0.387297107465 1.24209297154 0.106638806675
0.388 1.43464310388 0.30722684579
0.389288787688 1.08377873228 0.100252715941
0.391599213441 1.03446802475 0.0817315468544
0.393974478272 1.16874842719 0.0811149807857
0.3965 1.01742470254 0.0948210634934
0.399 1.01386684954 0.136780248729
0.399601334976 1.13175224964 0.106913213518
0.4 1.48012147683 0.325534767991
0.401 1.65214363463 0.281430234052
0.401 1.11226589934 0.117455912004
0.401 1.24236781526 0.190427536821
0.402459619216 1.22588186526 0.119275047278
0.408319092164 1.17667512179 0.111827345782
0.41 0.935535862723 0.110715233346
0.412 0.966213373329 0.13885189049
0.414733333333 1.13266538455 0.0248781145417
0.415 1.18533528634 0.0770184064425
0.416 1.02183525536 0.142702116824
0.416 1.52263883193 0.390107853318
0.420926821103 1.32301929197 0.123268703177
0.421 1.35125525182 0.145471652401
0.421 1.32439694444 0.196393183239
0.422 1.09613160171 0.116461409451
0.423 1.01553612328 0.113914997457
0.425 0.856636383186 0.192967177143
0.426 1.10681858999 0.114644044705
0.429 1.16934672829 0.116032220105
0.43 1.12128275925 0.236913038188
0.43 1.10294864369 0.308986451012
0.43 1.12593179825 0.0783377161813
0.43 0.897634548179 0.147917347712
0.43 1.47582963371 0.311500093395
0.43 1.33706575609 0.0912350750584
0.436 1.17718570653 0.123744449684
0.436 1.15264178704 0.114938635499
0.44 1.23931489823 0.182515124793
0.44 1.21731934157 0.0602555826746
0.449 1.20914086453 0.0874573933536
0.45 1.35350115557 0.367720604228
0.45 1.43798230074 0.336597835082
0.45 1.10576379321 0.231035495189
0.451 1.08642576877 0.0715733391763
0.453 1.73664266639 0.419800972061
0.455 1.37740123415 0.145656585652
0.46 1.26178166014 0.122080595978
0.4607 1.21677772512 0.101569846006
0.4627 1.19714422945 0.0813554611756
0.463 1.14567674684 0.140587615663
0.465 1.07983502757 0.298384679344
0.468 1.50082009592 0.113290217576
0.469 1.37041672627 0.178697547021
0.47 1.23673664035 0.0872758177211
0.472 1.14292315474 0.270785357742
0.475 1.2116919983 0.142825965838
0.477 1.18060886639 0.099821535319
0.479 1.35025316675 0.222694366644
0.48 1.23442948841 0.296414885429
0.49 1.02592225478 0.210943684598
0.493 1.20576679103 0.146569324306
0.495 1.18713263847 0.242543039363
0.495 1.26023137603 0.134844999908
0.496 1.2390020322 0.087193152712
0.497 1.30156846381 0.100686392546
0.497 1.16067642234 0.118467849965
0.498 1.76084213029 0.520926000378
0.499833333333 1.25883213293 0.0302342876058
0.5 1.31952655404 0.19283451005
0.5043 1.29709333588 0.0893476644201
0.508 1.2079569679 0.128928558491
0.51 1.04275715664 0.108893016043
0.511 1.30678206306 0.0535969524198
0.514 1.57393565571 0.357871714829
0.519 1.7831439117 0.258226572051
0.521 1.17968881652 0.0874642142633
0.521 1.29238075778 0.118635190103
0.522 1.48127865393 0.168594961055
0.526 1.29697937147 0.0997119522995
0.526 1.0570781713 0.250060305461
0.528 1.32624330752 0.149202389942
0.528 1.275532885 0.177780441167
0.532 1.38881884652 0.106585799795
0.539 1.17721395587 0.131085139585
0.54 1.28790198264 0.0661615077277
0.54 1.34026680714 0.174638361629
0.543 1.3153136223 0.0594466523086
0.548 1.20148346559 0.104226290345
0.55 1.18704180177 0.0848430753906
0.55 3.07631010636 1.42634392785
0.5516 1.19971255785 0.082461533662
0.552 1.31948185204 0.0628391865759
0.557 1.33913701775 0.0971024080522
0.561 1.54022537557 0.217415989195
0.562 1.67009993767 0.256279143009
0.564 1.21928393667 0.163970870976
0.568 1.41630832487 0.188852355921
0.57 1.27650572526 0.228646820897
0.57 1.38833424965 0.300739517168
0.571 1.22315091108 0.098137189723
0.579 1.73983638448 0.515425812051
0.58 1.8353159076 0.439469084153
0.581 2.16706637511 0.390443089452
0.581 1.41449340934 0.101268017924
0.581 1.03471540681 0.240650729645
0.5817 1.36823246883 0.10069119798
0.582 1.71541456387 0.25690697056
0.583 1.20576658282 0.159077660105
0.591 1.73173260636 0.244037529696
0.592 1.29294016082 0.10264702701
0.592 2.67045238223 0.882943440516
0.599 1.3835538007 0.243496528676
0.603 1.3163576347 0.168906259955
0.603433333333 1.38259486564 0.0366631631956
0.604 1.24447612249 0.091517036799
0.61 1.47008142561 0.105779679256
0.612 1.40623568291 0.183284679729
0.613 1.52572477324 0.116000624839
0.613 1.28254668964 0.153691663413
0.615 1.23646625485 0.316720879997
0.619 1.55851156704 0.17786742443
0.62 1.68485439673 0.30287003368
0.62 1.52342294301 0.118960172635
0.623 1.20855872994 0.134369692611
0.6268 1.34602831447 0.0974606338053
0.631 1.41728482324 0.152969282194
0.631 1.12348868302 0.126746098088
0.633 1.52756724206 0.11955986869
0.633 1.03362291066 0.123702102764
0.64 1.59657175786 0.142453667259
0.64 1.32788895593 0.115459853861
0.64 1.42944480498 0.18439468782
0.643 1.48244391124 0.113579087659
0.645 1.35226817946 0.145891836926
0.655 1.06028118164 0.242713787264
0.656 1.55185505878 0.448233823826
0.657 1.43352320232 0.434867400583
0.67 1.52478625517 0.147217146925
0.671 1.41399704034 0.0784955951904
0.679 1.74333109189 0.157330567049
0.68 1.34954797566 0.180823657497
0.687 1.39651900565 0.183410839394
0.687 1.29639354271 0.162708132828
0.688 1.43236045492 0.109351055091
0.691 1.45032779727 0.169541396113
0.695 1.52757114807 0.144527860621
0.698 1.96729897367 0.39272209225
0.707 1.55603041537 0.183626043929
0.71 1.37535731354 0.11671903251
0.711 1.76526493221 0.298123567682
0.721 1.45738379384 0.125625765352
0.721833333333 1.49181562762 0.0438216340832
0.73 1.51114764177 0.135628565395
0.735 1.37965059446 0.127436357705
0.74 1.5011042142 0.137152472276
0.741 1.82748118883 0.187915137207
0.75 1.45386352186 0.0926082040358
0.752 1.49038260282 0.142122766631
0.756 1.87823277613 0.166743135287
0.763 2.52336627419 1.0437132516
0.772 1.60350873655 0.161597017792
0.78 1.65699588329 0.130729085147
0.781 1.53503425489 0.227164405069
0.791 1.61876964608 0.150095868052
0.799 1.46454780894 0.157264169426
0.8 1.70713163692 0.169154990719
0.81 1.44085855412 0.141125439856
0.811 1.4624138912 0.141845192172
0.812 1.63831824798 0.285957761451
0.815 1.98210684534 0.665355334466
0.816 1.65952916016 0.34991819217
0.817 1.62780692831 0.157637928972
0.818 1.44341454289 0.17785087648
0.821 1.61275302726 0.144093936635
0.8218 1.74610918537 0.171442506674
0.83 1.92854513429 0.185472496833
0.83 1.52608424169 0.331045957895
0.833 1.62665195558 0.390216585965
0.839 1.41400090123 0.144640909686
0.84 1.49013367551 0.143214579036
0.84 1.7578628695 0.179996842022
0.85 1.46052169434 0.115549436816
0.851333333333 1.580456745 0.0513642085925
0.854 1.53275731554 0.159220960774
0.859 1.90555610795 0.260599007859
0.86 1.75916366258 0.139675209681
0.868 1.43187048606 0.162275330948
0.87 2.0071398237 0.257716968725
0.874 1.29878323824 0.232120785726
0.882 1.33588338154 0.359267142657
0.885 1.93305384836 0.254803310589
0.905 1.47217026379 0.174552559603
0.91 1.99084088056 0.245010898514
0.9271 1.65306934176 0.218260875122
0.93 1.37838740985 0.184031738942
0.935 1.36357022214 0.142931189184
0.936 1.22351829249 0.397785923024
0.949 1.28634745735 0.168610976847
0.95 1.64154305705 0.220168206866
0.95 1.57311631814 0.170857254344
0.95 1.40473466184 0.192618778402
0.953 1.87637465782 0.824973692436
0.96 1.37445390316 0.17438957954
0.961 1.85304145864 0.290189689941
0.97 0.944731321585 0.350318700881
0.97 2.01181428315 0.270025184292
0.974 1.50014885417 0.12037194005
0.975 1.88630058553 0.184836875889
0.978 1.28103754519 0.172644229544
0.983 1.7250887581 0.345576364277
1.00303333333 1.65305732165 0.059774873991
1.01 2.37703431361 0.365342848119
1.01 1.57073453474 0.271742637286
1.017 1.77575218511 0.139875404799
1.02 1.82760442814 0.185972590874
1.02 1.66767096151 0.178434633257
1.03 1.71012003735 0.111243247287
1.057 1.59829682461 0.175608560874
1.092 1.44692554284 0.164259196658
1.11 1.89017606675 0.389819608441
1.12 1.77913693421 0.183593119372
1.124 1.81633023125 0.16500087007
1.14 1.59868857724 0.168375026056
1.14 1.50856101394 0.255936407022
1.188 1.74354786592 0.401904290522
1.18803333333 1.70806043557 0.0693888217455
1.19 1.55481277943 0.176933794537
1.192 1.62206861147 0.149590817365
1.215 2.28326715206 0.589164481958
1.23 2.03013733662 0.219731058548
1.241 1.64231658668 0.361799077809
1.265 1.89970320533 0.205999871456
1.3 1.90456565432 0.212885316273
1.305 1.66990592697 0.199591564895
1.307 2.27014518344 0.328996682776
1.315 1.84149084533 0.159014597468
1.34 1.88395012579 0.23860064582
1.35 1.67215823072 0.143003812496
1.37 1.82157047247 0.220410268742
1.39 1.65367844718 0.190868038288
1.41373333333 1.74042696584 0.0801824967318
1.414 1.56775681102 0.249935654646
1.68383333333 1.74653601719 0.0918472503273
2.02793333333 1.7238886939 0.10497023987
2.40533333333 1.67829861712 0.117478203319
